Simulation Number,Total Cells Percentage,Total Empty Cells Percentage,Total Trees Percentage,Total Trees On Fire Percentage
0,10000,49.35,50.64999999999999,0.0
1,10000,24.05,68.03,7.920000000000001
2,10000,20.02,53.05,26.93
3,10000,37.15,26.11,36.74
4,10000,55.45,23.52,21.029999999999998
5,10000,49.09,39.08,11.83
6,10000,36.38,45.800000000000004,17.82
7,10000,36.29,37.57,26.14
8,10000,44.21,29.880000000000003,25.91
9,10000,47.74,31.72,20.54
10,10000,44.48,36.46,19.06
11,10000,41.81,36.09,22.1
12,10000,42.95,34.04,23.01
13,10000,44.629999999999995,33.45,21.92
14,10000,44.11,34.4,21.490000000000002
15,10000,43.55,34.63,21.82
16,10000,43.36,34.849999999999994,21.790000000000003
17,10000,43.830000000000005,34.21,21.959999999999997
18,10000,43.46,34.660000000000004,21.88
19,10000,43.64,34.489999999999995,21.87
20,10000,43.76,34.21,22.03
21,10000,44.32,33.75,21.93
22,10000,44.11,33.98,21.91
23,10000,43.68,34.910000000000004,21.41
24,10000,43.480000000000004,34.760000000000005,21.759999999999998
25,10000,43.730000000000004,34.38,21.89
26,10000,44.43,33.410000000000004,22.16
27,10000,44.32,34.27,21.41
28,10000,43.580000000000005,34.949999999999996,21.47
29,10000,43.059999999999995,34.97,21.97
30,10000,43.16,34.33,22.509999999999998
31,10000,44.67,33.410000000000004,21.92
32,10000,44.22,34.04,21.740000000000002
33,10000,43.730000000000004,34.599999999999994,21.67
34,10000,43.62,34.339999999999996,22.040000000000003
35,10000,44.06,33.900000000000006,22.040000000000003
36,10000,44.35,33.800000000000004,21.85
37,10000,44.22,34.43,21.349999999999998
38,10000,43.56,34.86,21.58
39,10000,43.47,34.52,22.009999999999998
40,10000,43.51,34.25,22.24
41,10000,43.72,34.39,21.89
42,10000,43.669999999999995,34.449999999999996,21.88
43,10000,44.0,34.050000000000004,21.95
44,10000,44.26,33.94,21.8
45,10000,44.11,34.57,21.32
46,10000,43.44,34.83,21.73
47,10000,43.11,34.849999999999994,22.040000000000003
48,10000,44.07,33.77,22.16
49,10000,44.1,33.97,21.93
50,10000,43.61,34.61,21.78
51,10000,43.28,34.760000000000005,21.959999999999997
52,10000,43.21,34.02,22.770000000000003
53,10000,44.46,33.62,21.92
54,10000,44.5,34.67,20.830000000000002
55,10000,43.419999999999995,34.75,21.83
56,10000,43.169999999999995,34.4,22.43
57,10000,43.84,34.13,22.03
58,10000,43.44,34.150000000000006,22.41
59,10000,43.61,34.58,21.81
60,10000,43.54,34.31,22.15
61,10000,44.06,33.75,22.189999999999998
62,10000,44.06,34.68,21.26
63,10000,42.75,35.18,22.07
64,10000,44.17,33.48,22.35
65,10000,44.35,33.79,21.86
66,10000,43.63,34.61,21.759999999999998
67,10000,44.12,33.69,22.189999999999998
68,10000,44.41,33.72,21.87
69,10000,44.230000000000004,34.11,21.66
70,10000,43.61,33.660000000000004,22.73
71,10000,44.73,33.43,21.84
72,10000,44.37,34.12,21.51
73,10000,44.14,33.660000000000004,22.2
74,10000,44.41,34.150000000000006,21.44
75,10000,43.85,34.38,21.77
76,10000,43.54,34.54,21.92
77,10000,43.68,34.589999999999996,21.73
78,10000,43.309999999999995,34.660000000000004,22.03
79,10000,43.21,34.5,22.29
80,10000,43.69,33.910000000000004,22.400000000000002
81,10000,43.87,33.98,22.15
82,10000,43.56,34.56,21.88
83,10000,43.63,34.44,21.93
84,10000,44.14,33.839999999999996,22.02
85,10000,44.04,34.5,21.46
86,10000,43.53,34.61,21.86
87,10000,43.61,34.08,22.31
88,10000,44.41,34.28,21.310000000000002
89,10000,43.45,35.08,21.47
90,10000,43.5,34.48,22.02
91,10000,43.919999999999995,34.46,21.62
92,10000,43.730000000000004,34.44,21.83
93,10000,43.95,34.32,21.73
94,10000,43.65,34.489999999999995,21.86
95,10000,43.97,33.87,22.16
96,10000,43.86,34.37,21.77
97,10000,43.85,34.25,21.9
98,10000,43.59,34.54,21.87
99,10000,43.04,34.63,22.33
100,10000,44.54,33.239999999999995,22.220000000000002
101,10000,44.800000000000004,33.96,21.240000000000002
102,10000,43.74,35.089999999999996,21.17
103,10000,42.89,35.43,21.68
104,10000,43.26,34.19,22.55
105,10000,44.26,33.269999999999996,22.470000000000002
106,10000,44.769999999999996,34.14,21.09
107,10000,43.96,34.38,21.66
108,10000,43.85,33.61,22.54
109,10000,44.82,32.67,22.509999999999998
110,10000,44.82,33.85,21.33
111,10000,43.580000000000005,35.42,21.0
112,10000,42.620000000000005,34.910000000000004,22.470000000000002
113,10000,43.9,33.78,22.32
114,10000,44.529999999999994,33.45,22.02
115,10000,44.48,34.2,21.32
116,10000,43.79,34.510000000000005,21.7
117,10000,44.17,34.410000000000004,21.42
118,10000,44.06,34.03,21.91
119,10000,43.49,35.04,21.47
120,10000,43.19,34.47,22.34
121,10000,43.56,34.01,22.43
122,10000,43.85,33.900000000000006,22.25
123,10000,44.32,33.73,21.95
124,10000,44.0,34.28,21.72
125,10000,43.37,34.4,22.23
126,10000,43.85,33.71,22.439999999999998
127,10000,44.269999999999996,34.03,21.7
128,10000,43.34,35.010000000000005,21.65
129,10000,43.38,34.21,22.41
130,10000,44.31,33.339999999999996,22.35
131,10000,44.17,34.489999999999995,21.34
132,10000,43.49,34.599999999999994,21.91
133,10000,43.99,33.97,22.040000000000003
134,10000,43.830000000000005,34.57,21.6
135,10000,43.85,34.56,21.59
136,10000,43.22,34.910000000000004,21.87
137,10000,43.43,34.01,22.56
138,10000,44.080000000000005,33.64,22.28
139,10000,44.1,34.17,21.73
140,10000,43.9,34.42,21.68
141,10000,43.16,34.839999999999996,22.0
142,10000,43.76,33.82,22.42
143,10000,44.62,33.29,22.09
144,10000,44.59,34.03,21.38
145,10000,44.21,34.54,21.25
146,10000,43.62,34.46,21.92
147,10000,43.84,33.89,22.27
148,10000,44.65,33.98,21.37
149,10000,44.0,34.260000000000005,21.740000000000002
150,10000,43.72,34.449999999999996,21.83
151,10000,44.16,34.35,21.490000000000002
152,10000,42.970000000000006,35.77,21.26
153,10000,42.95,34.83,22.220000000000002
154,10000,43.51,33.67,22.82
155,10000,44.74,33.42,21.84
156,10000,44.22,34.13,21.65
157,10000,43.78,34.53,21.69
158,10000,43.830000000000005,33.910000000000004,22.259999999999998
159,10000,43.79,34.01,22.2
160,10000,44.379999999999995,33.239999999999995,22.38
161,10000,44.58,34.29,21.13
162,10000,43.32,35.08,21.6
163,10000,42.91,34.86,22.23
164,10000,43.59,33.86,22.55
165,10000,44.58,33.800000000000004,21.62
166,10000,43.9,34.54,21.560000000000002
167,10000,43.4,34.64,21.959999999999997
168,10000,43.51,34.050000000000004,22.439999999999998
169,10000,44.64,33.44,21.92
170,10000,44.37,34.42,21.21
171,10000,43.38,35.06,21.560000000000002
172,10000,43.419999999999995,34.28,22.3
173,10000,43.830000000000005,34.510000000000005,21.66
174,10000,43.93,34.239999999999995,21.83
175,10000,43.62,34.5,21.88
176,10000,43.730000000000004,34.06,22.21
177,10000,43.56,34.61,21.83
178,10000,43.45,34.54,22.009999999999998
179,10000,43.61,34.52,21.87
180,10000,43.78,33.93,22.29
181,10000,44.32,33.739999999999995,21.94
182,10000,44.3,34.21,21.490000000000002
183,10000,43.63,34.870000000000005,21.5
184,10000,42.99,35.38,21.63
185,10000,42.84,34.339999999999996,22.82
186,10000,43.75,33.81,22.439999999999998
187,10000,44.48,33.650000000000006,21.87
188,10000,43.47,34.849999999999994,21.68
189,10000,43.96,34.06,21.98
190,10000,44.03,33.589999999999996,22.38
191,10000,44.09,34.089999999999996,21.82
192,10000,44.15,34.01,21.84
193,10000,44.019999999999996,33.73,22.25
194,10000,44.54,33.46,22.0
195,10000,44.84,33.57,21.59
196,10000,44.42,34.760000000000005,20.82
197,10000,43.120000000000005,35.53,21.349999999999998
198,10000,42.8,34.82,22.38
199,10000,44.379999999999995,33.61,22.009999999999998
200,10000,44.47,34.04,21.490000000000002
201,10000,43.93,34.06,22.009999999999998
202,10000,44.230000000000004,34.239999999999995,21.529999999999998
203,10000,44.2,34.38,21.42
204,10000,43.36,35.15,21.490000000000002
205,10000,42.83,35.0,22.17
206,10000,43.46,34.410000000000004,22.13
207,10000,44.190000000000005,34.03,21.78
208,10000,43.769999999999996,34.56,21.67
209,10000,43.57,34.73,21.7
210,10000,43.22,34.260000000000005,22.52
211,10000,43.419999999999995,33.98,22.6
212,10000,44.42,33.45,22.13
213,10000,43.84,34.78,21.38
214,10000,43.830000000000005,33.7,22.470000000000002
215,10000,44.769999999999996,33.47,21.759999999999998
216,10000,43.79,35.07,21.14
217,10000,43.57,34.79,21.64
218,10000,43.88,33.83,22.29
219,10000,43.65,34.47,21.88
220,10000,43.68,35.0,21.32
221,10000,43.03,35.25,21.72
222,10000,42.79,34.589999999999996,22.62
223,10000,44.07,33.81,22.12
224,10000,44.43,33.660000000000004,21.91
225,10000,44.29,34.46,21.25
226,10000,42.99,34.93,22.08
227,10000,43.41,34.2,22.39
228,10000,43.8,33.87,22.33
229,10000,44.4,33.45,22.15
230,10000,44.15,34.02,21.83
231,10000,44.3,33.67,22.03
232,10000,43.9,34.79,21.310000000000002
233,10000,43.03,35.56,21.41
234,10000,42.95,34.56,22.49
235,10000,43.65,34.22,22.13
236,10000,43.669999999999995,34.39,21.94
237,10000,43.69,34.75,21.560000000000002
238,10000,43.18,34.64,22.18
239,10000,43.78,34.53,21.69
240,10000,44.03,34.14,21.83
241,10000,44.18,33.53,22.29
242,10000,44.68,34.06,21.26
243,10000,43.32,35.160000000000004,21.52
244,10000,43.13,34.69,22.18
245,10000,43.480000000000004,34.25,22.27
246,10000,43.71,34.19,22.1
247,10000,43.75,34.489999999999995,21.759999999999998
248,10000,43.87,33.95,22.18
249,10000,44.190000000000005,34.23,21.58
250,10000,43.919999999999995,34.33,21.75
251,10000,44.48,33.19,22.33
252,10000,44.68,33.67,21.65
253,10000,43.81,34.73,21.46
254,10000,43.68,34.46,21.86
255,10000,43.830000000000005,34.11,22.06
256,10000,44.0,34.38,21.62
257,10000,43.21,35.03,21.759999999999998
258,10000,43.47,34.39,22.14
259,10000,44.800000000000004,32.5,22.7
260,10000,44.75,33.989999999999995,21.26
261,10000,43.55,35.32,21.13
262,10000,42.980000000000004,34.92,22.1
263,10000,43.02,34.56,22.42
264,10000,43.81,33.550000000000004,22.64
265,10000,44.269999999999996,33.550000000000004,22.18
266,10000,44.41,34.239999999999995,21.349999999999998
267,10000,43.15,35.43,21.42
268,10000,42.870000000000005,34.86,22.27
269,10000,43.46,34.12,22.42
270,10000,44.440000000000005,32.95,22.61
271,10000,45.31,33.629999999999995,21.060000000000002
272,10000,43.36,34.98,21.66
273,10000,43.25,35.04,21.709999999999997
274,10000,42.94,34.260000000000005,22.8
275,10000,44.37,33.650000000000006,21.98
276,10000,44.07,34.67,21.26
277,10000,43.480000000000004,34.54,21.98
278,10000,43.7,34.489999999999995,21.81
279,10000,42.78,34.949999999999996,22.27
280,10000,43.29,34.48,22.23
281,10000,43.68,34.239999999999995,22.08
282,10000,43.93,34.07,22.0
283,10000,44.26,34.06,21.68
284,10000,43.86,34.239999999999995,21.9
285,10000,43.63,34.260000000000005,22.11
286,10000,43.54,34.62,21.84
287,10000,43.769999999999996,34.14,22.09
288,10000,44.330000000000005,33.78,21.89
289,10000,44.25,34.53,21.22
290,10000,43.0,35.480000000000004,21.52
291,10000,42.52,34.88,22.6
292,10000,43.95,33.35,22.7
293,10000,44.39,34.089999999999996,21.52
294,10000,43.76,35.02,21.22
295,10000,42.69,35.54,21.77
296,10000,42.89,34.54,22.57
297,10000,43.68,34.13,22.189999999999998
298,10000,43.980000000000004,34.07,21.95
299,10000,43.57,34.449999999999996,21.98
300,10000,44.21,34.03,21.759999999999998
301,10000,43.65,34.61,21.740000000000002
302,10000,43.36,34.64,22.0
303,10000,44.11,33.42,22.470000000000002
304,10000,44.3,33.83,21.87
305,10000,43.94,34.29,21.77
306,10000,44.62,33.79,21.59
307,10000,43.18,35.620000000000005,21.2
308,10000,42.66,35.39,21.95
309,10000,43.44,33.77,22.79
310,10000,43.99,33.78,22.23
311,10000,44.16,33.95,21.89
312,10000,44.18,33.79,22.03
313,10000,44.019999999999996,33.879999999999995,22.1
314,10000,44.25,34.050000000000004,21.7
315,10000,44.15,34.12,21.73
316,10000,43.71,34.13,22.16
317,10000,44.690000000000005,33.21,22.1
318,10000,44.529999999999994,34.23,21.240000000000002
319,10000,43.47,35.099999999999994,21.43
320,10000,43.21,34.89,21.9
321,10000,43.6,33.879999999999995,22.52
322,10000,44.529999999999994,33.489999999999995,21.98
323,10000,43.89,34.72,21.39
324,10000,43.01,35.0,21.990000000000002
325,10000,43.14,34.56,22.3
326,10000,43.5,33.94,22.56
327,10000,45.050000000000004,32.86,22.09
328,10000,43.7,35.449999999999996,20.849999999999998
329,10000,42.77,35.0,22.23
330,10000,43.11,34.489999999999995,22.400000000000002
331,10000,43.84,33.879999999999995,22.28
332,10000,43.919999999999995,33.97,22.11
333,10000,44.15,34.43,21.42
334,10000,43.2,35.24,21.560000000000002
335,10000,42.89,35.089999999999996,22.02
336,10000,43.44,33.97,22.59
337,10000,44.12,34.089999999999996,21.790000000000003
338,10000,43.94,34.04,22.02
339,10000,43.59,35.05,21.36
340,10000,44.0,33.83,22.17
341,10000,44.01,34.52,21.47
342,10000,43.16,35.23,21.61
343,10000,42.970000000000006,34.910000000000004,22.12
344,10000,43.35,34.68,21.97
345,10000,43.78,34.42,21.8
346,10000,44.2,33.77,22.03
347,10000,44.269999999999996,34.57,21.16
348,10000,43.04,35.120000000000005,21.84
349,10000,42.83,34.86,22.31
350,10000,43.39,34.02,22.59
351,10000,43.84,34.17,21.990000000000002
352,10000,43.44,34.83,21.73
353,10000,43.21,34.55,22.24
354,10000,43.7,33.96,22.34
355,10000,44.41,33.77,21.82
356,10000,44.22,34.2,21.58
357,10000,42.94,35.22,21.84
358,10000,42.75,34.910000000000004,22.34
359,10000,43.519999999999996,34.17,22.31
360,10000,44.32,33.78,21.9
361,10000,44.29,34.13,21.58
362,10000,43.580000000000005,34.510000000000005,21.91
363,10000,43.6,33.989999999999995,22.41
364,10000,43.95,34.25,21.8
365,10000,43.309999999999995,34.96,21.73
366,10000,43.64,33.87,22.49
367,10000,44.37,33.58,22.05
368,10000,44.54,34.0,21.46
369,10000,43.730000000000004,34.839999999999996,21.43
370,10000,43.32,34.55,22.13
371,10000,43.769999999999996,34.150000000000006,22.08
372,10000,44.07,33.989999999999995,21.94
373,10000,44.190000000000005,33.95,21.86
374,10000,43.769999999999996,34.25,21.98
375,10000,43.85,34.25,21.9
376,10000,43.53,34.72,21.75
377,10000,43.71,34.37,21.92
378,10000,43.95,33.78,22.27
379,10000,44.019999999999996,34.32,21.66
380,10000,44.07,34.2,21.73
381,10000,44.07,33.69,22.24
382,10000,44.75,33.06,22.189999999999998
383,10000,44.43,33.78,21.790000000000003
384,10000,44.11,34.239999999999995,21.65
385,10000,43.45,34.23,22.32
386,10000,43.89,34.1,22.009999999999998
387,10000,43.65,34.52,21.83
388,10000,44.18,34.2,21.62
389,10000,44.03,34.14,21.83
390,10000,43.81,34.5,21.69
391,10000,43.79,34.64,21.57
392,10000,43.64,34.29,22.07
393,10000,43.66,34.48,21.86
394,10000,43.43,35.17,21.4
395,10000,42.9,34.57,22.53
396,10000,43.980000000000004,33.61,22.41
397,10000,44.519999999999996,34.4,21.08
398,10000,42.970000000000006,35.620000000000005,21.41
399,10000,43.120000000000005,34.25,22.63
400,10000,43.55,34.510000000000005,21.94
401,10000,43.59,34.83,21.58
402,10000,43.519999999999996,34.160000000000004,22.32
403,10000,43.54,34.27,22.189999999999998
404,10000,43.84,33.73,22.43
405,10000,44.74,33.45,21.81
406,10000,44.05,34.8,21.15
407,10000,43.03,34.870000000000005,22.1
408,10000,43.41,33.68,22.91
409,10000,44.769999999999996,33.379999999999995,21.85
410,10000,44.529999999999994,34.44,21.029999999999998
411,10000,43.03,34.79,22.18
412,10000,43.57,33.660000000000004,22.770000000000003
413,10000,44.64,33.4,21.959999999999997
414,10000,44.9,33.42,21.68
415,10000,43.78,34.67,21.55
416,10000,43.2,34.870000000000005,21.93
417,10000,43.69,33.82,22.49
418,10000,44.34,33.910000000000004,21.75
419,10000,43.7,34.870000000000005,21.43
420,10000,42.980000000000004,35.339999999999996,21.68
421,10000,43.16,34.38,22.46
422,10000,44.019999999999996,33.879999999999995,22.1
423,10000,44.74,33.81,21.45
424,10000,44.2,34.089999999999996,21.709999999999997
425,10000,43.61,34.599999999999994,21.790000000000003
426,10000,43.72,34.449999999999996,21.83
427,10000,43.059999999999995,35.24,21.7
428,10000,43.41,34.39,22.2
429,10000,43.7,34.599999999999994,21.7
430,10000,43.66,34.78,21.560000000000002
431,10000,43.480000000000004,34.72,21.8
432,10000,43.59,34.69,21.72
433,10000,44.03,34.23,21.740000000000002
434,10000,43.8,34.43,21.77
435,10000,44.15,33.900000000000006,21.95
436,10000,44.330000000000005,33.86,21.81
437,10000,43.93,34.62,21.45
438,10000,43.29,34.69,22.02
439,10000,43.41,34.449999999999996,22.14
440,10000,44.35,33.629999999999995,22.02
441,10000,44.05,34.83,21.12
442,10000,43.4,34.599999999999994,22.0
443,10000,43.75,34.01,22.24
444,10000,44.18,33.71,22.11
445,10000,44.690000000000005,34.14,21.17
446,10000,43.37,34.78,21.85
447,10000,43.86,34.160000000000004,21.98
448,10000,43.79,34.33,21.88
449,10000,43.919999999999995,34.55,21.529999999999998
450,10000,42.96,35.27,21.77
451,10000,43.29,34.33,22.38
452,10000,43.830000000000005,34.02,22.15
453,10000,43.53,34.849999999999994,21.62
454,10000,43.49,34.82,21.69
455,10000,43.5,33.76,22.74
456,10000,44.83,33.62,21.55
457,10000,44.2,34.86,20.94
458,10000,43.09,35.5,21.41
459,10000,43.059999999999995,34.52,22.42
460,10000,43.35,34.1,22.55
461,10000,45.019999999999996,32.83,22.15
462,10000,44.87,33.61,21.52
463,10000,43.669999999999995,35.22,21.11
464,10000,43.22,34.72,22.06
465,10000,43.02,34.55,22.43
466,10000,44.07,33.62,22.31
467,10000,44.76,33.739999999999995,21.5
468,10000,43.63,34.69,21.68
469,10000,43.44,34.14,22.42
470,10000,44.36,33.28,22.36
471,10000,44.5,33.76,21.740000000000002
472,10000,43.91,34.46,21.63
473,10000,43.54,34.31,22.15
474,10000,43.87,33.900000000000006,22.23
475,10000,44.68,33.36,21.959999999999997
476,10000,44.54,34.67,20.79
477,10000,42.77,35.8,21.43
478,10000,42.64,35.120000000000005,22.24
479,10000,43.53,33.77,22.7
480,10000,44.47,33.879999999999995,21.65
481,10000,43.36,35.15,21.490000000000002
482,10000,43.86,34.599999999999994,21.54
483,10000,42.59,35.42,21.990000000000002
484,10000,43.57,33.53,22.900000000000002
485,10000,44.3,33.839999999999996,21.86
486,10000,43.74,35.13,21.13
487,10000,43.18,35.0,21.82
488,10000,43.46,34.27,22.27
489,10000,43.89,34.28,21.83
490,10000,43.99,34.31,21.7
491,10000,43.86,34.4,21.740000000000002
492,10000,43.2,35.04,21.759999999999998
493,10000,43.59,34.239999999999995,22.17
494,10000,44.03,33.78,22.189999999999998
495,10000,43.99,34.599999999999994,21.41
496,10000,43.05,35.19,21.759999999999998
497,10000,43.53,34.22,22.25
498,10000,43.56,34.22,22.220000000000002
499,10000,43.5,34.339999999999996,22.16
500,10000,43.59,34.52,21.89
501,10000,43.62,34.43,21.95
502,10000,44.190000000000005,34.35,21.46
503,10000,44.07,33.910000000000004,22.02
504,10000,44.04,33.98,21.98
505,10000,44.41,33.53,22.06
506,10000,43.97,34.69,21.34
507,10000,43.78,34.38,21.84
508,10000,43.480000000000004,34.28,22.24
509,10000,44.190000000000005,33.96,21.85
510,10000,43.89,34.21,21.9
511,10000,44.15,34.1,21.75
512,10000,44.18,34.56,21.26
513,10000,43.79,34.46,21.75
514,10000,43.580000000000005,34.28,22.14
515,10000,43.68,34.489999999999995,21.83
516,10000,43.88,34.0,22.12
517,10000,44.36,33.64,22.0
518,10000,44.61,34.2,21.19
519,10000,43.63,35.199999999999996,21.17
520,10000,43.29,34.39,22.32
521,10000,43.28,35.0,21.72
522,10000,42.91,34.83,22.259999999999998
523,10000,43.43,34.38,22.189999999999998
524,10000,43.7,34.38,21.92
525,10000,43.62,34.699999999999996,21.68
526,10000,43.24,34.73,22.03
527,10000,44.2,33.660000000000004,22.14
528,10000,44.190000000000005,34.4,21.41
529,10000,43.15,35.5,21.349999999999998
530,10000,42.82,34.44,22.74
531,10000,43.94,33.42,22.64
532,10000,44.6,33.81,21.59
533,10000,43.47,35.23,21.3
534,10000,42.55,35.49,21.959999999999997
535,10000,43.63,32.95,23.419999999999998
536,10000,45.519999999999996,32.49,21.990000000000002
537,10000,44.58,34.57,20.849999999999998
538,10000,43.46,34.699999999999996,21.84
539,10000,43.580000000000005,33.35,23.07
540,10000,45.0,32.910000000000004,22.09
541,10000,44.379999999999995,34.36,21.26
542,10000,42.370000000000005,36.11,21.52
543,10000,42.89,34.46,22.650000000000002
544,10000,43.96,33.550000000000004,22.49
545,10000,44.14,34.23,21.63
546,10000,43.94,34.46,21.6
547,10000,43.24,34.410000000000004,22.35
548,10000,44.47,33.56,21.97
549,10000,43.91,34.5,21.59
550,10000,43.65,34.47,21.88
551,10000,44.05,34.03,21.92
552,10000,43.9,34.38,21.72
553,10000,43.91,34.32,21.77
554,10000,42.93,35.339999999999996,21.73
555,10000,43.29,33.97,22.74
556,10000,44.39,33.6,22.009999999999998
557,10000,44.36,34.71,20.93
558,10000,44.03,34.2,21.77
559,10000,43.769999999999996,34.55,21.68
560,10000,43.230000000000004,34.86,21.91
561,10000,43.03,34.35,22.62
562,10000,44.519999999999996,33.17,22.31
563,10000,44.230000000000004,34.160000000000004,21.61
564,10000,44.21,34.150000000000006,21.64
565,10000,43.33,35.23,21.44
566,10000,43.04,35.339999999999996,21.62
567,10000,42.980000000000004,34.68,22.34
568,10000,44.34,33.46,22.2
569,10000,44.45,33.89,21.66
570,10000,43.9,34.82,21.279999999999998
571,10000,43.13,34.699999999999996,22.17
572,10000,43.87,33.339999999999996,22.79
573,10000,45.18,33.33,21.490000000000002
574,10000,44.09,34.48,21.43
575,10000,43.519999999999996,34.94,21.54
576,10000,43.480000000000004,33.52,23.0
577,10000,45.12,33.01,21.87
578,10000,44.14,35.13,20.73
579,10000,43.03,34.96,22.009999999999998
580,10000,43.35,33.98,22.67
581,10000,45.36,32.940000000000005,21.7
582,10000,44.78,34.33,20.89
583,10000,43.49,35.47,21.04
584,10000,42.72,35.21,22.07
585,10000,43.46,34.18,22.36
586,10000,43.72,34.510000000000005,21.77
587,10000,44.0,34.260000000000005,21.740000000000002
588,10000,43.62,34.93,21.45
589,10000,43.47,34.849999999999994,21.68
590,10000,43.33,34.74,21.93
591,10000,43.61,34.17,22.220000000000002
592,10000,43.61,34.17,22.220000000000002
593,10000,44.45,33.64,21.91
594,10000,44.1,34.300000000000004,21.6
595,10000,43.79,34.28,21.93
596,10000,43.7,34.47,21.83
597,10000,43.68,34.0,22.32
598,10000,44.230000000000004,34.02,21.75
599,10000,43.730000000000004,34.54,21.73
600,10000,43.79,35.21,21.0
601,10000,42.68,35.730000000000004,21.59
602,10000,42.730000000000004,34.35,22.919999999999998
603,10000,44.62,32.690000000000005,22.689999999999998
604,10000,45.62,33.25,21.13
605,10000,43.65,35.63,20.72
606,10000,42.83,35.36,21.81
607,10000,43.120000000000005,34.14,22.74
608,10000,44.37,33.239999999999995,22.39
609,10000,44.62,33.52,21.86
610,10000,43.7,34.699999999999996,21.6
611,10000,43.62,34.300000000000004,22.08
612,10000,43.769999999999996,34.849999999999994,21.38
613,10000,43.18,34.8,22.02
614,10000,43.580000000000005,33.98,22.439999999999998
615,10000,44.45,33.33,22.220000000000002
616,10000,44.2,34.150000000000006,21.65
617,10000,44.690000000000005,33.72,21.59
618,10000,43.96,34.56,21.48
619,10000,43.74,34.53,21.73
620,10000,43.88,34.02,22.1
621,10000,43.72,34.27,22.009999999999998
622,10000,43.79,34.04,22.17
623,10000,44.080000000000005,34.300000000000004,21.62
624,10000,44.11,34.12,21.77
625,10000,44.34,34.160000000000004,21.5
626,10000,43.74,34.599999999999994,21.66
627,10000,43.53,34.870000000000005,21.6
628,10000,43.55,34.67,21.78
629,10000,43.88,33.739999999999995,22.38
630,10000,44.57,33.53,21.9
631,10000,44.48,33.92,21.6
632,10000,44.06,34.949999999999996,20.990000000000002
633,10000,42.120000000000005,35.94,21.94
634,10000,42.8,34.38,22.82
635,10000,44.61,33.09,22.3
636,10000,44.74,34.13,21.13
637,10000,43.39,35.05,21.560000000000002
638,10000,43.580000000000005,33.98,22.439999999999998
639,10000,43.919999999999995,34.01,22.07
640,10000,44.0,33.76,22.24
641,10000,44.12,34.599999999999994,21.279999999999998
642,10000,43.22,35.160000000000004,21.62
643,10000,43.2,34.870000000000005,21.93
644,10000,42.9,34.68,22.42
645,10000,44.230000000000004,33.61,22.16
646,10000,44.13,33.900000000000006,21.97
647,10000,44.29,33.75,21.959999999999997
648,10000,43.66,34.760000000000005,21.58
649,10000,43.54,34.46,22.0
650,10000,43.74,34.04,22.220000000000002
651,10000,43.97,33.87,22.16
652,10000,44.190000000000005,34.12,21.69
653,10000,43.769999999999996,34.260000000000005,21.97
654,10000,43.54,34.52,21.94
655,10000,43.519999999999996,34.52,21.959999999999997
656,10000,43.53,33.93,22.54
657,10000,44.230000000000004,33.54,22.23
658,10000,44.32,33.92,21.759999999999998
659,10000,43.65,34.65,21.7
660,10000,43.53,34.63,21.84
661,10000,43.82,34.339999999999996,21.84
662,10000,43.64,34.21,22.15
663,10000,44.12,34.46,21.42
664,10000,42.79,35.099999999999994,22.11
665,10000,43.120000000000005,34.39,22.49
666,10000,43.71,34.13,22.16
667,10000,44.68,33.660000000000004,21.66
668,10000,44.25,34.75,21.0
669,10000,43.6,34.97,21.43
670,10000,43.230000000000004,34.849999999999994,21.92
671,10000,43.169999999999995,34.8,22.03
672,10000,44.76,32.82,22.42
673,10000,44.81,34.06,21.13
674,10000,43.71,35.42,20.87
675,10000,42.9,35.04,22.06
676,10000,43.5,34.150000000000006,22.35
677,10000,44.04,33.660000000000004,22.3
678,10000,44.529999999999994,34.07,21.4
679,10000,44.04,34.32,21.64
680,10000,43.230000000000004,35.620000000000005,21.15
681,10000,42.86,34.89,22.25
682,10000,43.51,34.06,22.43
683,10000,44.42,33.550000000000004,22.03
684,10000,44.629999999999995,33.85,21.52
685,10000,43.830000000000005,34.63,21.54
686,10000,43.25,35.11,21.64
687,10000,43.64,34.18,22.18
688,10000,44.440000000000005,33.52,22.040000000000003
689,10000,43.519999999999996,34.47,22.009999999999998
690,10000,43.269999999999996,35.18,21.55
691,10000,43.2,34.5,22.3
692,10000,43.82,33.98,22.2
693,10000,44.45,34.0,21.55
694,10000,43.519999999999996,34.72,21.759999999999998
695,10000,43.15,35.120000000000005,21.73
696,10000,43.85,33.72,22.43
697,10000,44.629999999999995,33.36,22.009999999999998
698,10000,44.190000000000005,34.4,21.41
699,10000,43.13,34.910000000000004,21.959999999999997
700,10000,43.89,34.150000000000006,21.959999999999997
701,10000,44.28,33.89,21.83
702,10000,43.81,34.839999999999996,21.349999999999998
703,10000,43.76,34.33,21.91
704,10000,43.75,34.37,21.88
705,10000,44.230000000000004,33.379999999999995,22.39
706,10000,44.49,34.339999999999996,21.17
707,10000,43.669999999999995,34.71,21.62
708,10000,44.28,33.57,22.15
709,10000,44.24,33.78,21.98
710,10000,44.26,34.489999999999995,21.25
711,10000,43.84,34.38,21.78
712,10000,44.13,33.71,22.16
713,10000,44.64,33.910000000000004,21.45
714,10000,43.769999999999996,34.64,21.59
715,10000,43.78,34.02,22.2
716,10000,43.81,34.01,22.18
717,10000,43.95,34.22,21.83
718,10000,43.919999999999995,34.58,21.5
719,10000,43.269999999999996,35.120000000000005,21.61
720,10000,42.83,35.089999999999996,22.08
721,10000,43.19,33.93,22.88
722,10000,44.86,33.129999999999995,22.009999999999998
723,10000,44.79,33.879999999999995,21.33
724,10000,43.53,35.36,21.11
725,10000,42.88,35.21,21.91
726,10000,42.86,34.62,22.52
727,10000,43.36,34.339999999999996,22.3
728,10000,43.830000000000005,34.02,22.15
729,10000,44.34,34.18,21.48
730,10000,43.33,35.410000000000004,21.26
731,10000,42.480000000000004,35.38,22.14
732,10000,43.25,34.089999999999996,22.66
733,10000,44.17,33.71,22.12
734,10000,44.37,34.07,21.560000000000002
735,10000,44.16,34.17,21.67
736,10000,43.63,34.57,21.8
737,10000,43.97,34.25,21.78
738,10000,43.56,34.71,21.73
739,10000,43.57,34.42,22.009999999999998
740,10000,43.81,33.89,22.3
741,10000,43.99,34.29,21.72
742,10000,44.11,34.36,21.529999999999998
743,10000,43.46,34.760000000000005,21.78
744,10000,43.21,34.53,22.259999999999998
745,10000,43.66,34.22,22.12
746,10000,43.66,34.08,22.259999999999998
747,10000,44.61,33.550000000000004,21.84
748,10000,44.379999999999995,34.18,21.44
749,10000,43.04,35.449999999999996,21.51
750,10000,43.49,34.28,22.23
751,10000,44.3,33.650000000000006,22.05
752,10000,43.730000000000004,34.81,21.46
753,10000,42.95,34.99,22.06
754,10000,43.76,33.2,23.04
755,10000,44.72,33.26,22.02
756,10000,44.2,34.47,21.33
757,10000,43.91,34.22,21.87
758,10000,43.79,34.410000000000004,21.8
759,10000,43.8,33.94,22.259999999999998
760,10000,44.49,34.27,21.240000000000002
761,10000,43.47,34.949999999999996,21.58
762,10000,43.47,34.73,21.8
763,10000,43.43,34.73,21.84
764,10000,42.71,35.19,22.1
765,10000,43.76,33.72,22.52
766,10000,44.21,34.27,21.52
767,10000,43.55,34.99,21.46
768,10000,43.04,34.589999999999996,22.37
769,10000,44.11,33.6,22.29
770,10000,44.519999999999996,33.739999999999995,21.740000000000002
771,10000,43.8,34.489999999999995,21.709999999999997
772,10000,43.82,34.43,21.75
773,10000,43.86,34.14,22.0
774,10000,43.88,34.4,21.72
775,10000,44.230000000000004,33.95,21.82
776,10000,44.0,34.86,21.14
777,10000,42.85,35.35,21.8
778,10000,43.44,34.44,22.12
779,10000,43.71,34.260000000000005,22.03
780,10000,44.16,34.11,21.73
781,10000,44.41,34.13,21.46
782,10000,43.51,35.15,21.34
783,10000,42.95,34.82,22.23
784,10000,43.919999999999995,33.61,22.470000000000002
785,10000,44.51,33.76,21.73
786,10000,43.87,34.97,21.16
787,10000,42.75,35.55,21.7
788,10000,42.58,34.82,22.6
789,10000,43.91,33.910000000000004,22.18
790,10000,43.919999999999995,34.849999999999994,21.23
791,10000,43.35,34.79,21.86
792,10000,43.71,34.23,22.06
793,10000,43.62,34.17,22.21
794,10000,44.36,33.98,21.66
795,10000,43.769999999999996,34.73,21.5
796,10000,43.05,34.83,22.12
797,10000,43.669999999999995,33.72,22.61
798,10000,43.9,34.37,21.73
799,10000,43.33,35.28,21.39
800,10000,42.74,35.23,22.03
801,10000,44.04,33.4,22.56
802,10000,44.48,33.81,21.709999999999997
803,10000,43.86,34.660000000000004,21.48
804,10000,43.85,34.02,22.13
805,10000,44.16,33.77,22.07
806,10000,44.190000000000005,34.55,21.26
807,10000,43.480000000000004,35.08,21.44
808,10000,43.419999999999995,34.37,22.21
809,10000,44.17,33.77,22.06
810,10000,44.01,34.42,21.57
811,10000,43.8,34.089999999999996,22.11
812,10000,44.25,33.800000000000004,21.95
813,10000,43.94,34.19,21.87
814,10000,43.24,35.23,21.529999999999998
815,10000,43.03,34.48,22.49
816,10000,43.4,33.93,22.67
817,10000,45.11,33.33,21.560000000000002
818,10000,44.37,34.27,21.36
819,10000,43.1,35.65,21.25
820,10000,42.970000000000006,34.82,22.21
821,10000,43.59,34.160000000000004,22.25
822,10000,43.56,34.47,21.97
823,10000,43.580000000000005,34.43,21.990000000000002
824,10000,43.669999999999995,34.27,22.06
825,10000,44.32,33.83,21.85
826,10000,43.55,35.08,21.37
827,10000,43.63,34.71,21.66
828,10000,43.61,33.910000000000004,22.48
829,10000,44.07,34.28,21.65
830,10000,44.05,33.93,22.02
831,10000,44.39,33.86,21.75
832,10000,43.62,35.14,21.240000000000002
833,10000,43.309999999999995,34.48,22.21
834,10000,43.69,33.85,22.46
835,10000,44.26,33.68,22.06
836,10000,43.95,34.42,21.63
837,10000,43.68,34.36,21.959999999999997
838,10000,44.0,34.06,21.94
839,10000,43.37,35.089999999999996,21.54
840,10000,43.25,34.83,21.92
841,10000,43.65,33.73,22.62
842,10000,44.879999999999995,33.550000000000004,21.57
843,10000,43.97,34.75,21.279999999999998
844,10000,43.55,34.67,21.78
845,10000,43.51,34.38,22.11
846,10000,43.64,34.21,22.15
847,10000,44.28,33.62,22.1
848,10000,44.080000000000005,34.57,21.349999999999998
849,10000,43.63,34.38,21.990000000000002
850,10000,43.15,34.82,22.03
851,10000,43.6,34.13,22.27
852,10000,44.11,33.95,21.94
853,10000,43.88,34.47,21.65
854,10000,44.09,34.07,21.84
855,10000,44.07,33.89,22.040000000000003
856,10000,44.190000000000005,34.39,21.42
857,10000,43.29,34.86,21.85
858,10000,43.669999999999995,34.23,22.1
859,10000,43.45,34.81,21.740000000000002
860,10000,43.8,34.089999999999996,22.11
861,10000,43.57,34.660000000000004,21.77
862,10000,44.11,33.6,22.29
863,10000,44.73,33.19,22.08
864,10000,44.48,34.42,21.099999999999998
865,10000,42.94,35.19,21.87
866,10000,43.5,34.27,22.23
867,10000,44.04,33.67,22.29
868,10000,44.31,34.33,21.36
869,10000,43.49,34.660000000000004,21.85
870,10000,44.1,33.86,22.040000000000003
871,10000,43.89,34.04,22.07
872,10000,44.03,34.68,21.29
873,10000,43.41,34.949999999999996,21.64
874,10000,43.1,34.77,22.13
875,10000,43.36,34.68,21.959999999999997
876,10000,44.06,33.67,22.27
877,10000,44.46,34.239999999999995,21.3
878,10000,43.309999999999995,34.910000000000004,21.78
879,10000,43.04,35.28,21.68
880,10000,43.230000000000004,34.27,22.5
881,10000,44.26,33.5,22.24
882,10000,44.48,33.93,21.59
883,10000,44.230000000000004,34.28,21.490000000000002
884,10000,43.919999999999995,34.65,21.43
885,10000,42.88,34.72,22.400000000000002
886,10000,43.22,34.56,22.220000000000002
887,10000,43.75,34.17,22.08
888,10000,43.84,33.989999999999995,22.17
889,10000,44.21,34.56,21.23
890,10000,42.309999999999995,35.39,22.3
891,10000,43.15,33.87,22.98
892,10000,45.08,32.29,22.63
893,10000,45.97,32.9,21.13
894,10000,44.39,34.89,20.72
895,10000,42.46,35.57,21.97
896,10000,43.169999999999995,33.79,23.04
897,10000,43.74,34.410000000000004,21.85
898,10000,43.99,33.910000000000004,22.1
899,10000,43.46,34.44,22.1
900,10000,43.75,34.050000000000004,22.2
901,10000,44.269999999999996,33.910000000000004,21.82
902,10000,43.76,34.94,21.3
903,10000,42.83,35.25,21.92
904,10000,43.15,34.39,22.46
905,10000,44.34,32.99,22.67
906,10000,45.5,32.79,21.709999999999997
907,10000,44.39,34.77,20.84
908,10000,42.95,35.46,21.59
909,10000,42.88,34.870000000000005,22.25
910,10000,44.190000000000005,33.01,22.8
911,10000,45.23,33.39,21.38
912,10000,44.46,34.29,21.25
913,10000,43.14,35.28,21.58
914,10000,43.1,34.25,22.650000000000002
915,10000,44.68,32.64,22.68
916,10000,44.81,34.27,20.919999999999998
917,10000,43.69,34.57,21.740000000000002
918,10000,43.71,34.23,22.06
919,10000,43.730000000000004,34.5,21.77
920,10000,43.39,34.67,21.94
921,10000,43.8,34.150000000000006,22.05
922,10000,43.21,34.48,22.31
923,10000,44.440000000000005,33.489999999999995,22.07
924,10000,44.51,33.97,21.52
925,10000,44.17,34.64,21.19
926,10000,43.51,34.44,22.05
927,10000,43.66,34.13,22.21
928,10000,43.86,34.18,21.959999999999997
929,10000,43.919999999999995,34.57,21.51
930,10000,43.519999999999996,34.17,22.31
931,10000,43.81,34.36,21.83
932,10000,43.88,34.39,21.73
933,10000,43.63,34.22,22.15
934,10000,43.45,35.07,21.48
935,10000,43.6,34.67,21.73
936,10000,43.53,34.46,22.009999999999998
937,10000,43.89,33.89,22.220000000000002
938,10000,44.269999999999996,34.18,21.55
939,10000,42.970000000000006,35.099999999999994,21.93
940,10000,43.88,33.239999999999995,22.88
941,10000,45.129999999999995,33.21,21.66
942,10000,44.269999999999996,34.63,21.099999999999998
943,10000,43.7,35.32,20.979999999999997
944,10000,42.6,35.39,22.009999999999998
945,10000,42.93,34.78,22.29
946,10000,43.84,33.83,22.33
947,10000,43.53,34.68,21.790000000000003
948,10000,43.18,35.0,21.82
949,10000,43.120000000000005,34.47,22.41
950,10000,43.89,33.97,22.14
951,10000,43.87,34.699999999999996,21.43
952,10000,44.07,33.87,22.06
953,10000,44.03,34.07,21.9
954,10000,44.34,33.85,21.81
955,10000,43.97,34.35,21.68
956,10000,44.17,34.46,21.37
957,10000,43.86,34.31,21.83
958,10000,43.99,34.19,21.82
959,10000,43.94,34.47,21.59
960,10000,43.519999999999996,34.83,21.65
961,10000,43.56,34.239999999999995,22.2
962,10000,44.12,34.07,21.81
963,10000,43.669999999999995,34.849999999999994,21.48
964,10000,43.33,33.98,22.689999999999998
965,10000,43.76,34.1,22.14
966,10000,43.769999999999996,34.42,21.81
967,10000,43.32,34.160000000000004,22.52
968,10000,43.830000000000005,34.25,21.92
969,10000,43.730000000000004,34.39,21.88
970,10000,43.96,34.29,21.75
971,10000,43.53,34.5,21.97
972,10000,43.980000000000004,34.1,21.92
973,10000,44.5,33.61,21.89
974,10000,43.55,35.04,21.41
975,10000,43.76,34.74,21.5
976,10000,43.49,34.52,21.990000000000002
977,10000,43.39,34.02,22.59
978,10000,44.269999999999996,33.86,21.87
979,10000,44.34,33.989999999999995,21.67
980,10000,43.95,34.57,21.48
981,10000,43.25,35.0,21.75
982,10000,43.519999999999996,34.55,21.93
983,10000,43.79,34.35,21.86
984,10000,43.71,34.28,22.009999999999998
985,10000,43.75,34.699999999999996,21.55
986,10000,43.28,34.56,22.16
987,10000,43.980000000000004,33.52,22.5
988,10000,44.81,33.839999999999996,21.349999999999998
989,10000,44.01,35.15,20.84
990,10000,42.76,35.47,21.77
991,10000,43.07,34.27,22.66
992,10000,43.730000000000004,34.04,22.23
993,10000,44.46,33.96,21.58
994,10000,43.580000000000005,35.3,21.12
995,10000,42.67,35.099999999999994,22.23
996,10000,43.76,33.53,22.71
997,10000,44.65,33.64,21.709999999999997
998,10000,44.18,34.27,21.55
999,10000,43.13,35.07,21.8
