Simulation Number,Total Cells Percentage,Total Empty Cells Percentage,Total Trees Percentage,Total Trees On Fire Percentage
0,10000,49.44,50.56,0.0
1,10000,24.52,67.39,8.09
2,10000,20.3,52.89,26.810000000000002
3,10000,36.78,26.87,36.35
4,10000,54.83,23.669999999999998,21.5
5,10000,49.07,38.92,12.01
6,10000,35.5,46.489999999999995,18.01
7,10000,35.88,37.18,26.939999999999998
8,10000,45.2,28.23,26.57
9,10000,49.74,31.209999999999997,19.05
10,10000,43.72,38.06,18.22
11,10000,39.94,37.36,22.7
12,10000,43.55,32.01,24.44
13,10000,46.63,31.75,21.62
14,10000,45.050000000000004,35.160000000000004,19.79
15,10000,42.6,35.82,21.58
16,10000,43.49,33.86,22.650000000000002
17,10000,44.42,33.44,22.14
18,10000,44.48,34.18,21.34
19,10000,43.53,35.22,21.25
20,10000,42.76,35.24,22.0
21,10000,43.1,34.660000000000004,22.24
22,10000,43.74,34.339999999999996,21.92
23,10000,43.7,34.79,21.51
24,10000,42.92,35.21,21.87
25,10000,42.99,34.75,22.259999999999998
26,10000,43.65,34.0,22.35
27,10000,44.13,34.13,21.740000000000002
28,10000,43.44,34.62,21.94
29,10000,42.84,34.89,22.27
30,10000,43.78,33.72,22.5
31,10000,44.92,33.18,21.9
32,10000,44.92,34.13,20.95
33,10000,43.730000000000004,35.099999999999994,21.17
34,10000,42.71,35.28,22.009999999999998
35,10000,42.5,34.74,22.759999999999998
36,10000,44.690000000000005,32.78,22.53
37,10000,44.75,34.06,21.19
38,10000,43.93,34.92,21.15
39,10000,43.03,34.81,22.16
40,10000,43.61,33.910000000000004,22.48
41,10000,44.37,33.629999999999995,22.0
42,10000,44.11,34.02,21.87
43,10000,44.22,33.629999999999995,22.15
44,10000,44.3,33.81,21.89
45,10000,44.379999999999995,34.14,21.48
46,10000,43.87,34.65,21.48
47,10000,43.65,35.0,21.349999999999998
48,10000,43.24,34.79,21.97
49,10000,43.07,34.67,22.259999999999998
50,10000,43.68,33.64,22.68
51,10000,44.31,33.48,22.21
52,10000,44.28,33.97,21.75
53,10000,44.230000000000004,33.92,21.85
54,10000,44.21,34.42,21.37
55,10000,42.61,35.29,22.1
56,10000,43.7,33.660000000000004,22.64
57,10000,44.39,32.66,22.95
58,10000,45.34,33.4,21.26
59,10000,43.91,34.79,21.3
60,10000,42.66,35.91,21.43
61,10000,43.02,34.54,22.439999999999998
62,10000,44.09,33.71,22.2
63,10000,44.51,33.67,21.82
64,10000,44.75,34.0,21.25
65,10000,44.06,34.599999999999994,21.34
66,10000,43.18,34.599999999999994,22.220000000000002
67,10000,43.46,34.48,22.06
68,10000,43.919999999999995,33.839999999999996,22.24
69,10000,43.69,34.38,21.93
70,10000,44.11,34.18,21.709999999999997
71,10000,43.669999999999995,34.12,22.21
72,10000,44.12,33.83,22.05
73,10000,44.56,33.82,21.62
74,10000,43.88,34.57,21.55
75,10000,43.59,35.04,21.37
76,10000,43.28,34.86,21.86
77,10000,44.019999999999996,33.489999999999995,22.49
78,10000,44.6,33.79,21.61
79,10000,43.89,34.8,21.310000000000002
80,10000,43.059999999999995,35.089999999999996,21.85
81,10000,43.39,34.13,22.48
82,10000,44.330000000000005,33.76,21.91
83,10000,43.81,34.48,21.709999999999997
84,10000,43.99,34.46,21.55
85,10000,43.419999999999995,34.599999999999994,21.98
86,10000,43.13,35.0,21.87
87,10000,43.87,34.12,22.009999999999998
88,10000,44.28,33.739999999999995,21.98
89,10000,44.37,34.21,21.42
90,10000,43.74,34.910000000000004,21.349999999999998
91,10000,42.84,34.78,22.38
92,10000,43.169999999999995,35.03,21.8
93,10000,43.39,34.06,22.55
94,10000,44.43,33.61,21.959999999999997
95,10000,44.57,33.73,21.7
96,10000,43.86,34.660000000000004,21.48
97,10000,43.26,35.089999999999996,21.65
98,10000,43.63,34.27,22.1
99,10000,44.09,34.0,21.91
100,10000,44.59,33.94,21.47
101,10000,44.01,34.56,21.43
102,10000,43.93,33.96,22.11
103,10000,43.7,34.74,21.560000000000002
104,10000,43.53,34.65,21.82
105,10000,43.54,34.12,22.34
106,10000,44.019999999999996,34.37,21.61
107,10000,43.78,34.27,21.95
108,10000,43.71,34.19,22.1
109,10000,43.84,34.13,22.03
110,10000,43.54,34.339999999999996,22.12
111,10000,44.18,34.02,21.8
112,10000,43.79,34.449999999999996,21.759999999999998
113,10000,43.91,34.160000000000004,21.93
114,10000,43.45,34.42,22.13
115,10000,44.31,33.25,22.439999999999998
116,10000,44.98,33.43,21.59
117,10000,44.12,34.46,21.42
118,10000,43.35,34.52,22.13
119,10000,43.87,33.650000000000006,22.48
120,10000,43.76,34.4,21.84
121,10000,43.669999999999995,34.39,21.94
122,10000,43.99,34.22,21.790000000000003
123,10000,44.13,34.11,21.759999999999998
124,10000,43.74,34.94,21.32
125,10000,42.83,34.92,22.25
126,10000,43.86,33.62,22.52
127,10000,44.690000000000005,33.76,21.55
128,10000,44.54,34.1,21.36
129,10000,43.35,35.160000000000004,21.490000000000002
130,10000,43.230000000000004,34.73,22.040000000000003
131,10000,44.05,33.839999999999996,22.11
132,10000,44.37,34.35,21.279999999999998
133,10000,43.68,35.08,21.240000000000002
134,10000,43.309999999999995,34.71,21.98
135,10000,44.21,33.42,22.37
136,10000,44.28,34.03,21.69
137,10000,43.769999999999996,35.0,21.23
138,10000,42.84,35.25,21.91
139,10000,43.269999999999996,34.07,22.66
140,10000,45.06,32.800000000000004,22.14
141,10000,44.82,34.14,21.04
142,10000,42.69,36.370000000000005,20.94
143,10000,41.19,36.59,22.220000000000002
144,10000,43.02,33.489999999999995,23.49
145,10000,45.51,32.29,22.2
146,10000,44.96,34.4,20.64
147,10000,43.39,34.92,21.69
148,10000,43.26,34.27,22.470000000000002
149,10000,43.919999999999995,33.72,22.36
150,10000,44.55,33.989999999999995,21.46
151,10000,43.519999999999996,35.24,21.240000000000002
152,10000,42.92,35.03,22.05
153,10000,43.269999999999996,34.300000000000004,22.43
154,10000,44.11,33.52,22.37
155,10000,44.21,34.21,21.58
156,10000,43.63,35.03,21.34
157,10000,43.29,34.29,22.42
158,10000,44.06,33.79,22.15
159,10000,44.17,34.050000000000004,21.78
160,10000,44.24,34.18,21.58
161,10000,44.04,34.11,21.85
162,10000,43.94,34.1,21.959999999999997
163,10000,44.440000000000005,33.410000000000004,22.15
164,10000,44.66,33.83,21.51
165,10000,44.09,34.32,21.59
166,10000,44.1,33.81,22.09
167,10000,43.45,34.910000000000004,21.64
168,10000,43.79,33.51,22.7
169,10000,44.74,32.98,22.28
170,10000,45.23,33.339999999999996,21.43
171,10000,44.379999999999995,35.0,20.62
172,10000,42.47,35.54,21.990000000000002
173,10000,43.45,33.550000000000004,23.0
174,10000,44.269999999999996,33.29,22.439999999999998
175,10000,44.51,33.92,21.57
176,10000,43.84,34.83,21.33
177,10000,43.14,34.58,22.28
178,10000,43.47,33.86,22.67
179,10000,44.47,33.589999999999996,21.94
180,10000,43.8,34.489999999999995,21.709999999999997
181,10000,44.12,34.150000000000006,21.73
182,10000,44.66,33.07,22.27
183,10000,44.48,33.98,21.54
184,10000,43.69,34.660000000000004,21.65
185,10000,43.230000000000004,34.97,21.8
186,10000,43.46,33.53,23.01
187,10000,44.76,32.7,22.54
188,10000,44.330000000000005,34.150000000000006,21.52
189,10000,44.18,33.87,21.95
190,10000,44.13,33.72,22.15
191,10000,43.9,34.410000000000004,21.69
192,10000,43.62,34.42,21.959999999999997
193,10000,43.57,34.55,21.88
194,10000,43.669999999999995,34.589999999999996,21.740000000000002
195,10000,43.65,34.57,21.78
196,10000,43.07,35.160000000000004,21.77
197,10000,42.85,34.98,22.17
198,10000,43.96,33.43,22.61
199,10000,44.4,34.339999999999996,21.26
200,10000,43.59,35.010000000000005,21.4
201,10000,43.46,34.22,22.32
202,10000,43.91,34.2,21.89
203,10000,43.79,35.089999999999996,21.12
204,10000,42.65,35.22,22.13
205,10000,43.57,34.17,22.259999999999998
206,10000,43.63,34.67,21.7
207,10000,42.89,35.3,21.81
208,10000,43.269999999999996,34.69,22.040000000000003
209,10000,43.89,34.02,22.09
210,10000,44.31,34.050000000000004,21.64
211,10000,43.75,34.03,22.220000000000002
212,10000,44.2,34.22,21.58
213,10000,43.46,35.0,21.54
214,10000,43.35,34.339999999999996,22.31
215,10000,44.21,33.92,21.87
216,10000,44.16,34.160000000000004,21.68
217,10000,43.46,35.010000000000005,21.529999999999998
218,10000,43.38,34.54,22.08
219,10000,43.84,33.879999999999995,22.28
220,10000,43.96,34.14,21.9
221,10000,44.34,34.0,21.66
222,10000,43.769999999999996,34.29,21.94
223,10000,43.63,34.78,21.59
224,10000,43.55,34.25,22.2
225,10000,44.15,34.12,21.73
226,10000,44.3,34.160000000000004,21.54
227,10000,44.26,34.42,21.32
228,10000,43.519999999999996,34.4,22.08
229,10000,44.07,34.39,21.54
230,10000,43.54,35.089999999999996,21.37
231,10000,43.830000000000005,34.300000000000004,21.87
232,10000,43.86,34.52,21.62
233,10000,43.47,34.949999999999996,21.58
234,10000,44.0,33.95,22.05
235,10000,43.62,34.93,21.45
236,10000,43.13,34.839999999999996,22.03
237,10000,43.32,34.46,22.220000000000002
238,10000,44.3,33.29,22.41
239,10000,44.36,34.38,21.26
240,10000,43.38,34.99,21.63
241,10000,43.02,34.54,22.439999999999998
242,10000,43.75,34.4,21.85
243,10000,43.830000000000005,34.25,21.92
244,10000,43.76,34.07,22.17
245,10000,44.21,34.06,21.73
246,10000,43.51,34.94,21.55
247,10000,43.37,35.08,21.55
248,10000,43.21,34.72,22.07
249,10000,43.669999999999995,34.38,21.95
250,10000,44.62,33.52,21.86
251,10000,43.95,34.65,21.4
252,10000,43.62,34.4,21.98
253,10000,44.17,33.7,22.13
254,10000,44.4,33.660000000000004,21.94
255,10000,44.25,33.98,21.77
256,10000,43.39,34.98,21.63
257,10000,43.15,34.39,22.46
258,10000,43.64,33.650000000000006,22.71
259,10000,44.66,33.67,21.67
260,10000,43.69,35.15,21.16
261,10000,43.49,35.099999999999994,21.41
262,10000,43.51,34.28,22.21
263,10000,43.89,34.23,21.88
264,10000,43.45,34.839999999999996,21.709999999999997
265,10000,43.519999999999996,34.43,22.05
266,10000,43.4,34.83,21.77
267,10000,43.64,34.23,22.13
268,10000,44.190000000000005,33.86,21.95
269,10000,43.57,34.839999999999996,21.59
270,10000,43.28,34.62,22.1
271,10000,43.21,34.32,22.470000000000002
272,10000,44.07,33.53,22.400000000000002
273,10000,44.57,33.800000000000004,21.63
274,10000,44.06,34.54,21.4
275,10000,43.57,34.510000000000005,21.92
276,10000,43.38,34.56,22.06
277,10000,43.53,34.28,22.189999999999998
278,10000,44.39,33.45,22.16
279,10000,44.05,34.46,21.490000000000002
280,10000,43.87,34.260000000000005,21.87
281,10000,43.36,34.9,21.740000000000002
282,10000,42.970000000000006,34.99,22.040000000000003
283,10000,43.03,34.53,22.439999999999998
284,10000,44.37,33.71,21.92
285,10000,44.4,34.38,21.22
286,10000,43.269999999999996,35.120000000000005,21.61
287,10000,43.41,34.07,22.52
288,10000,43.79,34.44,21.77
289,10000,43.68,34.58,21.740000000000002
290,10000,43.919999999999995,33.73,22.35
291,10000,44.45,33.71,21.84
292,10000,43.66,34.63,21.709999999999997
293,10000,44.07,34.06,21.87
294,10000,43.41,34.96,21.63
295,10000,43.28,34.699999999999996,22.02
296,10000,43.41,34.07,22.52
297,10000,44.54,33.42,22.040000000000003
298,10000,44.56,34.21,21.23
299,10000,43.2,35.11,21.69
300,10000,43.39,34.63,21.98
301,10000,43.84,33.82,22.34
302,10000,44.269999999999996,34.03,21.7
303,10000,43.89,34.55,21.560000000000002
304,10000,43.93,34.0,22.07
305,10000,43.89,34.28,21.83
306,10000,43.53,34.82,21.65
307,10000,43.14,35.49,21.37
308,10000,42.86,34.760000000000005,22.38
309,10000,44.49,33.379999999999995,22.13
310,10000,43.8,34.510000000000005,21.69
311,10000,43.79,34.97,21.240000000000002
312,10000,43.120000000000005,35.010000000000005,21.87
313,10000,43.66,34.21,22.13
314,10000,44.48,33.67,21.85
315,10000,44.54,34.08,21.38
316,10000,43.41,34.99,21.6
317,10000,44.0,33.78,22.220000000000002
318,10000,44.379999999999995,33.900000000000006,21.72
319,10000,44.3,34.31,21.39
320,10000,43.32,35.13,21.55
321,10000,43.43,34.69,21.88
322,10000,43.65,33.77,22.58
323,10000,44.48,33.53,21.990000000000002
324,10000,44.39,34.53,21.08
325,10000,43.309999999999995,35.23,21.46
326,10000,42.47,35.07,22.46
327,10000,43.38,34.489999999999995,22.13
328,10000,43.47,34.46,22.07
329,10000,43.66,34.849999999999994,21.490000000000002
330,10000,42.79,35.14,22.07
331,10000,42.980000000000004,34.32,22.7
332,10000,44.28,33.32,22.400000000000002
333,10000,44.43,34.23,21.34
334,10000,43.919999999999995,34.36,21.72
335,10000,43.93,33.989999999999995,22.08
336,10000,44.34,33.589999999999996,22.07
337,10000,44.74,33.67,21.59
338,10000,43.72,34.94,21.34
339,10000,42.96,34.74,22.3
340,10000,43.74,33.69,22.57
341,10000,44.62,33.21,22.17
342,10000,45.03,33.57,21.4
343,10000,43.68,35.370000000000005,20.95
344,10000,42.65,35.79,21.560000000000002
345,10000,42.970000000000006,34.57,22.46
346,10000,44.67,33.2,22.13
347,10000,43.96,34.510000000000005,21.529999999999998
348,10000,43.29,34.56,22.15
349,10000,43.76,34.21,22.03
350,10000,44.84,33.650000000000006,21.51
351,10000,43.88,34.71,21.41
352,10000,43.64,34.19,22.17
353,10000,43.41,34.2,22.39
354,10000,44.89,33.18,21.93
355,10000,44.97,33.36,21.67
356,10000,44.55,34.260000000000005,21.19
357,10000,43.56,34.35,22.09
358,10000,44.230000000000004,33.81,21.959999999999997
359,10000,44.22,34.03,21.75
360,10000,43.730000000000004,34.77,21.5
361,10000,42.730000000000004,35.24,22.03
362,10000,43.4,34.160000000000004,22.439999999999998
363,10000,44.5,33.85,21.65
364,10000,43.94,34.38,21.68
365,10000,43.53,34.89,21.58
366,10000,43.08,34.53,22.39
367,10000,43.74,33.52,22.74
368,10000,44.879999999999995,33.19,21.93
369,10000,44.43,34.27,21.3
370,10000,43.84,34.55,21.61
371,10000,43.419999999999995,34.4,22.18
372,10000,44.51,32.910000000000004,22.58
373,10000,44.59,34.03,21.38
374,10000,43.81,35.05,21.14
375,10000,42.96,35.05,21.990000000000002
376,10000,43.84,33.410000000000004,22.75
377,10000,44.79,33.550000000000004,21.66
378,10000,44.440000000000005,34.27,21.29
379,10000,43.26,35.24,21.5
380,10000,42.61,35.089999999999996,22.3
381,10000,43.37,33.85,22.78
382,10000,44.14,34.22,21.64
383,10000,43.9,34.63,21.47
384,10000,43.61,34.43,21.959999999999997
385,10000,43.49,34.67,21.84
386,10000,43.49,34.599999999999994,21.91
387,10000,43.37,34.21,22.42
388,10000,43.68,34.17,22.15
389,10000,43.93,34.27,21.8
390,10000,43.59,34.660000000000004,21.75
391,10000,43.19,34.82,21.990000000000002
392,10000,43.38,34.33,22.29
393,10000,44.25,33.97,21.78
394,10000,43.919999999999995,34.88,21.2
395,10000,43.39,34.56,22.05
396,10000,43.55,34.18,22.27
397,10000,43.56,34.06,22.38
398,10000,43.91,34.11,21.98
399,10000,43.94,34.12,21.94
400,10000,43.62,34.67,21.709999999999997
401,10000,43.919999999999995,33.71,22.37
402,10000,44.39,33.81,21.8
403,10000,44.47,34.29,21.240000000000002
404,10000,42.92,35.86,21.22
405,10000,42.57,34.74,22.689999999999998
406,10000,43.830000000000005,33.1,23.07
407,10000,44.769999999999996,33.94,21.29
408,10000,43.919999999999995,34.74,21.34
409,10000,43.51,34.56,21.93
410,10000,43.3,34.38,22.32
411,10000,43.64,33.93,22.43
412,10000,44.12,33.68,22.2
413,10000,44.7,33.6,21.7
414,10000,44.269999999999996,34.89,20.84
415,10000,43.1,35.14,21.759999999999998
416,10000,43.519999999999996,34.08,22.400000000000002
417,10000,43.730000000000004,34.47,21.8
418,10000,43.480000000000004,34.489999999999995,22.03
419,10000,43.37,34.93,21.7
420,10000,43.95,33.739999999999995,22.31
421,10000,43.81,34.77,21.42
422,10000,43.35,34.75,21.9
423,10000,42.79,35.23,21.98
424,10000,43.37,34.25,22.38
425,10000,43.56,33.97,22.470000000000002
426,10000,44.64,33.86,21.5
427,10000,43.41,35.04,21.55
428,10000,42.620000000000005,35.4,21.98
429,10000,43.45,34.4,22.15
430,10000,44.21,33.58,22.21
431,10000,44.0,34.47,21.529999999999998
432,10000,43.51,34.35,22.14
433,10000,43.56,34.31,22.13
434,10000,44.47,34.089999999999996,21.44
435,10000,44.25,34.300000000000004,21.45
436,10000,43.309999999999995,35.19,21.5
437,10000,43.49,34.74,21.77
438,10000,43.94,33.4,22.66
439,10000,44.54,33.81,21.65
440,10000,44.18,34.67,21.15
441,10000,43.269999999999996,34.65,22.08
442,10000,43.66,33.89,22.45
443,10000,44.28,33.83,21.89
444,10000,43.88,34.56,21.560000000000002
445,10000,43.53,34.589999999999996,21.88
446,10000,44.080000000000005,33.7,22.220000000000002
447,10000,44.1,33.86,22.040000000000003
448,10000,44.01,34.53,21.46
449,10000,43.57,34.489999999999995,21.94
450,10000,44.31,33.92,21.77
451,10000,44.190000000000005,34.18,21.63
452,10000,43.72,34.68,21.6
453,10000,42.88,35.69,21.43
454,10000,42.39,35.410000000000004,22.2
455,10000,44.019999999999996,33.379999999999995,22.6
456,10000,44.09,33.879999999999995,22.03
457,10000,44.06,33.76,22.18
458,10000,44.39,34.03,21.58
459,10000,44.29,33.76,21.95
460,10000,45.07,33.25,21.68
461,10000,44.03,34.75,21.22
462,10000,42.94,35.15,21.91
463,10000,43.57,33.68,22.75
464,10000,44.43,33.44,22.13
465,10000,44.7,33.98,21.32
466,10000,43.769999999999996,34.89,21.34
467,10000,43.62,34.12,22.259999999999998
468,10000,44.0,34.01,21.990000000000002
469,10000,43.72,35.31,20.97
470,10000,42.230000000000004,35.85,21.92
471,10000,42.5,34.72,22.78
472,10000,43.38,33.61,23.01
473,10000,44.59,33.489999999999995,21.92
474,10000,43.59,35.27,21.14
475,10000,42.55,35.43,22.02
476,10000,43.6,33.75,22.650000000000002
477,10000,44.36,33.36,22.28
478,10000,43.89,34.39,21.72
479,10000,43.6,34.33,22.07
480,10000,43.93,33.97,22.1
481,10000,44.39,33.7,21.91
482,10000,44.34,33.71,21.95
483,10000,44.529999999999994,33.97,21.5
484,10000,44.07,33.550000000000004,22.38
485,10000,43.97,34.71,21.32
486,10000,43.45,34.28,22.27
487,10000,43.78,34.29,21.93
488,10000,44.11,34.01,21.88
489,10000,44.03,34.36,21.61
490,10000,43.19,34.74,22.07
491,10000,43.55,34.29,22.16
492,10000,43.63,34.1,22.27
493,10000,44.14,34.28,21.58
494,10000,43.36,34.489999999999995,22.15
495,10000,44.01,33.92,22.07
496,10000,44.15,34.21,21.64
497,10000,44.12,34.48,21.4
498,10000,43.669999999999995,35.0,21.33
499,10000,43.18,34.660000000000004,22.16
500,10000,43.65,34.29,22.06
501,10000,44.019999999999996,33.47,22.509999999999998
502,10000,44.14,34.23,21.63
503,10000,43.75,34.65,21.6
504,10000,44.13,33.7,22.17
505,10000,44.190000000000005,33.4,22.41
506,10000,45.08,34.0,20.919999999999998
507,10000,43.15,35.65,21.2
508,10000,43.2,34.300000000000004,22.5
509,10000,44.43,33.39,22.18
510,10000,44.2,34.38,21.42
511,10000,43.59,35.199999999999996,21.21
512,10000,42.93,35.260000000000005,21.81
513,10000,43.22,34.61,22.17
514,10000,43.44,34.62,21.94
515,10000,43.919999999999995,34.17,21.91
516,10000,44.17,34.239999999999995,21.59
517,10000,43.3,34.93,21.77
518,10000,43.93,34.07,22.0
519,10000,44.3,34.47,21.23
520,10000,43.269999999999996,34.88,21.85
521,10000,43.62,34.239999999999995,22.14
522,10000,44.2,34.150000000000006,21.65
523,10000,43.93,34.19,21.88
524,10000,43.580000000000005,34.86,21.560000000000002
525,10000,42.970000000000006,35.160000000000004,21.87
526,10000,43.059999999999995,34.55,22.39
527,10000,44.16,33.15,22.689999999999998
528,10000,45.04,33.379999999999995,21.58
529,10000,43.82,34.82,21.36
530,10000,43.08,35.0,21.92
531,10000,43.25,34.62,22.13
532,10000,43.96,33.62,22.42
533,10000,43.980000000000004,34.31,21.709999999999997
534,10000,42.96,35.370000000000005,21.67
535,10000,43.32,34.12,22.56
536,10000,43.769999999999996,34.239999999999995,21.990000000000002
537,10000,43.66,34.72,21.62
538,10000,43.33,34.92,21.75
539,10000,43.37,34.69,21.94
540,10000,43.81,33.52,22.67
541,10000,44.74,33.550000000000004,21.709999999999997
542,10000,43.72,35.04,21.240000000000002
543,10000,43.21,34.81,21.98
544,10000,43.71,34.08,22.21
545,10000,44.18,34.339999999999996,21.48
546,10000,43.74,34.489999999999995,21.77
547,10000,43.480000000000004,33.879999999999995,22.64
548,10000,44.3,32.92,22.78
549,10000,44.09,34.63,21.279999999999998
550,10000,43.33,34.660000000000004,22.009999999999998
551,10000,43.6,34.5,21.9
552,10000,44.17,33.6,22.23
553,10000,44.06,34.17,21.77
554,10000,43.72,34.56,21.72
555,10000,43.04,34.89,22.07
556,10000,43.09,34.4,22.509999999999998
557,10000,44.190000000000005,33.37,22.439999999999998
558,10000,44.16,33.989999999999995,21.85
559,10000,43.85,34.81,21.34
560,10000,43.15,34.58,22.27
561,10000,43.45,34.44,22.11
562,10000,44.82,32.72,22.46
563,10000,44.74,34.04,21.22
564,10000,43.81,34.88,21.310000000000002
565,10000,43.63,34.23,22.14
566,10000,44.519999999999996,33.050000000000004,22.43
567,10000,45.39,33.57,21.04
568,10000,43.43,35.78,20.79
569,10000,42.34,35.8,21.86
570,10000,43.120000000000005,34.42,22.46
571,10000,44.330000000000005,33.35,22.32
572,10000,44.6,33.95,21.45
573,10000,44.080000000000005,34.43,21.490000000000002
574,10000,43.71,34.410000000000004,21.88
575,10000,43.85,34.2,21.95
576,10000,44.62,33.46,21.92
577,10000,43.43,34.72,21.85
578,10000,43.419999999999995,34.69,21.89
579,10000,42.970000000000006,34.83,22.2
580,10000,44.0,33.33,22.67
581,10000,44.62,34.03,21.349999999999998
582,10000,43.34,34.94,21.72
583,10000,43.89,33.82,22.29
584,10000,44.03,34.239999999999995,21.73
585,10000,43.59,34.44,21.97
586,10000,43.53,34.14,22.33
587,10000,44.1,33.53,22.37
588,10000,44.7,34.14,21.16
589,10000,43.69,35.14,21.17
590,10000,43.269999999999996,35.07,21.66
591,10000,43.13,35.21,21.66
592,10000,42.79,35.13,22.08
593,10000,42.91,34.75,22.34
594,10000,43.51,34.07,22.42
595,10000,44.07,33.97,21.959999999999997
596,10000,43.68,34.339999999999996,21.98
597,10000,43.4,35.02,21.58
598,10000,43.86,34.160000000000004,21.98
599,10000,43.7,33.85,22.45
600,10000,44.43,33.56,22.009999999999998
601,10000,44.22,34.21,21.57
602,10000,43.71,34.61,21.68
603,10000,43.29,34.55,22.16
604,10000,43.45,34.25,22.3
605,10000,44.13,33.97,21.9
606,10000,43.94,34.61,21.45
607,10000,43.85,33.83,22.32
608,10000,44.41,34.13,21.46
609,10000,43.230000000000004,34.75,22.02
610,10000,43.88,34.22,21.9
611,10000,43.45,34.77,21.78
612,10000,43.08,35.11,21.81
613,10000,43.2,34.589999999999996,22.21
614,10000,43.81,33.910000000000004,22.28
615,10000,44.41,34.28,21.310000000000002
616,10000,43.18,35.449999999999996,21.37
617,10000,42.59,35.15,22.259999999999998
618,10000,43.309999999999995,33.87,22.82
619,10000,45.16,32.76,22.08
620,10000,44.41,34.410000000000004,21.18
621,10000,43.2,35.28,21.52
622,10000,43.14,34.31,22.55
623,10000,43.74,34.46,21.8
624,10000,43.68,34.410000000000004,21.91
625,10000,44.49,33.339999999999996,22.17
626,10000,44.26,34.13,21.61
627,10000,43.95,34.410000000000004,21.64
628,10000,43.480000000000004,34.78,21.740000000000002
629,10000,43.03,35.06,21.91
630,10000,43.3,34.22,22.48
631,10000,44.04,34.64,21.32
632,10000,43.74,34.449999999999996,21.81
633,10000,43.94,34.050000000000004,22.009999999999998
634,10000,43.97,34.510000000000005,21.52
635,10000,43.57,34.64,21.790000000000003
636,10000,43.39,34.56,22.05
637,10000,43.32,34.63,22.05
638,10000,43.8,34.14,22.06
639,10000,43.96,34.38,21.66
640,10000,42.8,35.010000000000005,22.189999999999998
641,10000,43.18,34.43,22.39
642,10000,44.07,33.550000000000004,22.38
643,10000,44.230000000000004,34.11,21.66
644,10000,44.11,33.86,22.03
645,10000,44.34,34.0,21.66
646,10000,43.580000000000005,34.93,21.490000000000002
647,10000,42.68,35.14,22.18
648,10000,43.62,34.07,22.31
649,10000,44.800000000000004,34.02,21.18
650,10000,43.88,35.02,21.099999999999998
651,10000,42.83,35.480000000000004,21.69
652,10000,43.01,34.42,22.57
653,10000,43.66,33.839999999999996,22.5
654,10000,43.78,34.410000000000004,21.81
655,10000,43.11,34.97,21.92
656,10000,43.84,33.85,22.31
657,10000,43.76,34.13,22.11
658,10000,43.91,34.28,21.81
659,10000,43.34,34.55,22.11
660,10000,43.68,33.71,22.61
661,10000,44.32,33.97,21.709999999999997
662,10000,44.1,34.63,21.27
663,10000,43.39,35.15,21.46
664,10000,43.480000000000004,34.1,22.42
665,10000,44.17,33.77,22.06
666,10000,44.080000000000005,34.31,21.61
667,10000,44.09,33.87,22.040000000000003
668,10000,43.96,34.19,21.85
669,10000,44.06,34.39,21.55
670,10000,43.29,34.39,22.32
671,10000,44.019999999999996,33.629999999999995,22.35
672,10000,43.94,34.58,21.48
673,10000,43.55,34.1,22.35
674,10000,44.04,33.95,22.009999999999998
675,10000,44.03,33.92,22.05
676,10000,44.03,34.19,21.78
677,10000,43.65,34.74,21.61
678,10000,42.980000000000004,35.23,21.790000000000003
679,10000,43.37,34.160000000000004,22.470000000000002
680,10000,44.64,33.19,22.17
681,10000,44.21,34.47,21.32
682,10000,43.09,35.120000000000005,21.790000000000003
683,10000,43.45,34.14,22.41
684,10000,44.72,33.12,22.16
685,10000,44.09,34.47,21.44
686,10000,43.519999999999996,35.010000000000005,21.47
687,10000,43.01,35.15,21.84
688,10000,43.15,34.02,22.830000000000002
689,10000,44.43,33.44,22.13
690,10000,43.919999999999995,34.589999999999996,21.490000000000002
691,10000,43.2,34.72,22.08
692,10000,43.6,34.39,22.009999999999998
693,10000,43.29,34.8,21.91
694,10000,43.24,35.11,21.65
695,10000,43.51,33.93,22.56
696,10000,44.6,33.72,21.68
697,10000,43.99,34.48,21.529999999999998
698,10000,44.05,33.81,22.14
699,10000,44.46,34.050000000000004,21.490000000000002
700,10000,43.49,34.849999999999994,21.66
701,10000,42.99,35.35,21.66
702,10000,43.6,33.78,22.62
703,10000,43.830000000000005,34.19,21.98
704,10000,43.64,35.19,21.17
705,10000,43.2,34.54,22.259999999999998
706,10000,43.4,33.82,22.78
707,10000,44.64,33.76,21.6
708,10000,44.25,34.22,21.529999999999998
709,10000,43.4,34.93,21.67
710,10000,42.620000000000005,35.199999999999996,22.18
711,10000,43.29,34.35,22.36
712,10000,44.05,33.58,22.37
713,10000,44.7,33.22,22.08
714,10000,44.21,34.39,21.4
715,10000,43.76,34.56,21.68
716,10000,43.669999999999995,34.02,22.31
717,10000,43.69,34.48,21.83
718,10000,44.32,33.83,21.85
719,10000,43.45,34.56,21.990000000000002
720,10000,43.75,34.13,22.12
721,10000,43.3,34.64,22.06
722,10000,43.34,34.72,21.94
723,10000,44.529999999999994,33.54,21.93
724,10000,44.06,33.72,22.220000000000002
725,10000,44.0,34.37,21.63
726,10000,44.05,33.87,22.08
727,10000,44.1,34.44,21.46
728,10000,43.769999999999996,35.0,21.23
729,10000,43.120000000000005,34.69,22.189999999999998
730,10000,43.94,34.14,21.92
731,10000,43.29,35.35,21.36
732,10000,43.53,34.8,21.67
733,10000,43.13,34.96,21.91
734,10000,43.62,34.18,22.2
735,10000,43.93,33.87,22.2
736,10000,44.17,33.85,21.98
737,10000,43.99,34.21,21.8
738,10000,43.580000000000005,34.96,21.46
739,10000,43.15,34.61,22.24
740,10000,43.95,33.71,22.34
741,10000,44.6,34.050000000000004,21.349999999999998
742,10000,43.6,34.79,21.61
743,10000,43.480000000000004,34.62,21.9
744,10000,43.62,34.29,22.09
745,10000,44.519999999999996,33.94,21.54
746,10000,43.94,34.339999999999996,21.72
747,10000,43.169999999999995,34.589999999999996,22.24
748,10000,44.15,33.339999999999996,22.509999999999998
749,10000,45.01,33.42,21.57
750,10000,44.48,34.02,21.5
751,10000,44.36,34.239999999999995,21.4
752,10000,43.269999999999996,34.99,21.740000000000002
753,10000,43.480000000000004,34.699999999999996,21.82
754,10000,44.24,33.71,22.05
755,10000,43.16,35.4,21.44
756,10000,42.730000000000004,34.849999999999994,22.42
757,10000,43.64,34.12,22.24
758,10000,44.17,33.76,22.07
759,10000,44.43,34.12,21.45
760,10000,43.78,34.81,21.41
761,10000,43.43,34.97,21.6
762,10000,43.3,34.260000000000005,22.439999999999998
763,10000,44.629999999999995,33.129999999999995,22.24
764,10000,44.75,33.83,21.42
765,10000,44.0,34.8,21.2
766,10000,43.07,35.15,21.78
767,10000,43.1,34.38,22.52
768,10000,43.76,33.89,22.35
769,10000,43.87,34.260000000000005,21.87
770,10000,43.59,34.71,21.7
771,10000,43.34,34.32,22.34
772,10000,43.769999999999996,33.800000000000004,22.43
773,10000,44.34,33.629999999999995,22.03
774,10000,44.32,34.2,21.48
775,10000,43.1,35.44,21.46
776,10000,43.14,33.89,22.97
777,10000,45.12,32.67,22.21
778,10000,44.16,34.910000000000004,20.93
779,10000,43.32,35.08,21.6
780,10000,43.14,34.849999999999994,22.009999999999998
781,10000,43.8,34.21,21.990000000000002
782,10000,44.12,34.4,21.48
783,10000,43.03,35.43,21.54
784,10000,43.01,34.48,22.509999999999998
785,10000,43.72,34.150000000000006,22.13
786,10000,44.01,34.03,21.959999999999997
787,10000,44.46,33.94,21.6
788,10000,44.269999999999996,34.19,21.54
789,10000,43.47,34.94,21.59
790,10000,43.07,34.55,22.38
791,10000,43.7,34.28,22.02
792,10000,43.89,34.260000000000005,21.85
793,10000,43.169999999999995,35.05,21.78
794,10000,43.43,33.72,22.85
795,10000,44.74,32.73,22.53
796,10000,44.96,33.81,21.23
797,10000,43.74,34.83,21.43
798,10000,43.88,34.089999999999996,22.03
799,10000,43.68,34.29,22.03
800,10000,43.980000000000004,34.13,21.89
801,10000,43.89,34.37,21.740000000000002
802,10000,43.82,34.68,21.5
803,10000,42.8,35.25,21.95
804,10000,43.26,34.27,22.470000000000002
805,10000,44.18,33.78,22.040000000000003
806,10000,43.2,35.0,21.8
807,10000,43.02,35.05,21.93
808,10000,42.970000000000006,34.17,22.86
809,10000,44.28,33.73,21.990000000000002
810,10000,44.49,33.839999999999996,21.67
811,10000,44.06,33.86,22.08
812,10000,43.9,34.489999999999995,21.61
813,10000,43.8,34.260000000000005,21.94
814,10000,43.51,34.699999999999996,21.790000000000003
815,10000,43.19,34.98,21.83
816,10000,43.38,34.46,22.16
817,10000,43.79,33.86,22.35
818,10000,43.86,34.02,22.12
819,10000,44.14,33.57,22.29
820,10000,43.66,35.07,21.27
821,10000,42.99,34.760000000000005,22.25
822,10000,43.41,33.7,22.89
823,10000,44.800000000000004,33.14,22.06
824,10000,44.78,33.51,21.709999999999997
825,10000,44.1,34.54,21.36
826,10000,43.24,35.370000000000005,21.39
827,10000,43.41,34.37,22.220000000000002
828,10000,43.13,35.010000000000005,21.86
829,10000,43.5,34.4,22.1
830,10000,43.95,33.61,22.439999999999998
831,10000,43.99,34.46,21.55
832,10000,44.31,34.050000000000004,21.64
833,10000,43.15,35.57,21.279999999999998
834,10000,43.120000000000005,34.67,22.21
835,10000,43.64,34.01,22.35
836,10000,44.37,33.7,21.93
837,10000,43.89,34.589999999999996,21.52
838,10000,43.38,35.160000000000004,21.46
839,10000,42.39,35.72,21.89
840,10000,43.05,34.21,22.74
841,10000,44.85,32.93,22.220000000000002
842,10000,44.24,34.79,20.97
843,10000,43.16,35.13,21.709999999999997
844,10000,43.29,34.37,22.34
845,10000,43.79,34.17,22.040000000000003
846,10000,43.78,34.14,22.08
847,10000,44.51,33.489999999999995,22.0
848,10000,44.21,33.900000000000006,21.89
849,10000,43.55,34.75,21.7
850,10000,43.14,35.19,21.67
851,10000,43.1,34.260000000000005,22.64
852,10000,44.22,33.489999999999995,22.29
853,10000,44.21,34.339999999999996,21.45
854,10000,43.8,34.150000000000006,22.05
855,10000,43.69,34.47,21.84
856,10000,43.66,34.38,21.959999999999997
857,10000,44.21,33.739999999999995,22.05
858,10000,44.49,33.989999999999995,21.52
859,10000,44.01,34.74,21.25
860,10000,43.07,35.54,21.39
861,10000,43.37,34.35,22.28
862,10000,44.03,33.96,22.009999999999998
863,10000,44.64,34.06,21.3
864,10000,43.830000000000005,34.300000000000004,21.87
865,10000,44.26,34.21,21.529999999999998
866,10000,44.06,34.2,21.740000000000002
867,10000,43.5,34.86,21.64
868,10000,43.669999999999995,34.63,21.7
869,10000,43.26,34.74,22.0
870,10000,43.29,34.29,22.42
871,10000,44.0,33.68,22.32
872,10000,44.15,34.17,21.68
873,10000,43.95,33.12,22.93
874,10000,45.300000000000004,33.33,21.37
875,10000,44.330000000000005,34.949999999999996,20.72
876,10000,43.09,35.08,21.83
877,10000,43.29,34.55,22.16
878,10000,44.269999999999996,33.15,22.58
879,10000,44.72,33.69,21.59
880,10000,44.12,34.62,21.26
881,10000,43.14,35.22,21.64
882,10000,43.7,33.39,22.91
883,10000,44.83,33.54,21.63
884,10000,44.48,34.300000000000004,21.22
885,10000,43.3,35.08,21.62
886,10000,42.92,34.489999999999995,22.59
887,10000,44.13,33.660000000000004,22.21
888,10000,44.379999999999995,33.660000000000004,21.959999999999997
889,10000,44.11,34.23,21.66
890,10000,43.730000000000004,34.8,21.47
891,10000,43.32,34.410000000000004,22.27
892,10000,44.01,33.77,22.220000000000002
893,10000,44.440000000000005,33.629999999999995,21.93
894,10000,43.63,35.36,21.01
895,10000,41.89,35.63,22.48
896,10000,42.93,34.050000000000004,23.02
897,10000,44.96,32.64,22.400000000000002
898,10000,44.56,34.25,21.19
899,10000,43.86,34.58,21.560000000000002
900,10000,43.5,34.29,22.21
901,10000,44.09,34.29,21.62
902,10000,43.230000000000004,35.27,21.5
903,10000,43.53,34.02,22.45
904,10000,44.0,34.36,21.64
905,10000,43.88,34.21,21.91
906,10000,44.66,33.78,21.560000000000002
907,10000,43.76,34.65,21.59
908,10000,43.28,34.73,21.990000000000002
909,10000,43.96,33.81,22.23
910,10000,44.379999999999995,33.910000000000004,21.709999999999997
911,10000,44.01,34.449999999999996,21.54
912,10000,43.62,34.63,21.75
913,10000,43.74,34.04,22.220000000000002
914,10000,43.85,33.910000000000004,22.24
915,10000,43.71,34.37,21.92
916,10000,43.96,34.239999999999995,21.8
917,10000,43.69,34.5,21.81
918,10000,44.09,33.82,22.09
919,10000,44.32,34.48,21.2
920,10000,43.71,34.5,21.790000000000003
921,10000,43.56,33.98,22.46
922,10000,44.31,34.160000000000004,21.529999999999998
923,10000,43.61,34.74,21.65
924,10000,43.94,34.239999999999995,21.82
925,10000,43.68,34.089999999999996,22.23
926,10000,44.55,33.77,21.68
927,10000,43.79,34.44,21.77
928,10000,44.019999999999996,33.96,22.02
929,10000,43.91,34.410000000000004,21.68
930,10000,43.43,34.9,21.67
931,10000,43.120000000000005,34.8,22.08
932,10000,44.15,33.64,22.21
933,10000,44.58,33.910000000000004,21.51
934,10000,44.05,34.77,21.18
935,10000,42.94,35.53,21.529999999999998
936,10000,42.72,35.13,22.15
937,10000,43.76,33.6,22.64
938,10000,44.629999999999995,33.839999999999996,21.529999999999998
939,10000,43.5,34.47,22.03
940,10000,43.32,35.07,21.61
941,10000,43.16,34.9,21.94
942,10000,43.36,33.98,22.66
943,10000,43.9,34.12,21.98
944,10000,43.86,34.489999999999995,21.65
945,10000,43.41,34.660000000000004,21.93
946,10000,43.41,34.410000000000004,22.18
947,10000,43.94,33.69,22.37
948,10000,44.09,34.56,21.349999999999998
949,10000,43.34,35.46,21.2
950,10000,42.9,34.599999999999994,22.5
951,10000,44.0,33.629999999999995,22.37
952,10000,44.48,33.87,21.65
953,10000,43.65,34.92,21.43
954,10000,42.980000000000004,34.68,22.34
955,10000,43.78,33.12,23.1
956,10000,45.2,32.65,22.15
957,10000,44.99,33.68,21.33
958,10000,44.09,34.97,20.94
959,10000,43.04,34.73,22.23
960,10000,43.919999999999995,33.75,22.33
961,10000,44.14,34.19,21.67
962,10000,43.82,34.410000000000004,21.77
963,10000,43.78,34.489999999999995,21.73
964,10000,43.66,34.2,22.14
965,10000,44.01,33.72,22.27
966,10000,43.37,34.57,22.06
967,10000,43.69,34.0,22.31
968,10000,44.080000000000005,33.85,22.07
969,10000,44.43,34.19,21.38
970,10000,43.74,34.54,21.72
971,10000,43.81,34.29,21.9
972,10000,43.78,34.73,21.490000000000002
973,10000,43.89,35.05,21.060000000000002
974,10000,43.49,34.65,21.86
975,10000,43.47,34.660000000000004,21.87
976,10000,44.04,34.38,21.58
977,10000,44.080000000000005,34.339999999999996,21.58
978,10000,43.11,35.02,21.87
979,10000,43.45,34.54,22.009999999999998
980,10000,43.95,34.37,21.68
981,10000,43.65,34.67,21.68
982,10000,43.65,34.29,22.06
983,10000,43.580000000000005,34.33,22.09
984,10000,43.81,34.07,22.12
985,10000,43.69,34.9,21.41
986,10000,43.71,34.06,22.23
987,10000,44.05,34.160000000000004,21.790000000000003
988,10000,43.57,34.69,21.740000000000002
989,10000,43.62,34.19,22.189999999999998
990,10000,44.1,34.33,21.57
991,10000,43.88,34.17,21.95
992,10000,44.080000000000005,33.86,22.06
993,10000,43.96,33.989999999999995,22.05
994,10000,43.47,34.589999999999996,21.94
995,10000,44.13,34.160000000000004,21.709999999999997
996,10000,43.99,34.12,21.89
997,10000,43.55,34.77,21.68
998,10000,43.82,34.07,22.11
999,10000,44.11,33.73,22.16
