Simulation Number,Total Cells Percentage,Total Empty Cells Percentage,Total Trees Percentage,Total Trees On Fire Percentage
0,10000,50.93,49.07,0.0
1,10000,25.480000000000004,66.46,8.06
2,10000,18.96,53.839999999999996,27.200000000000003
3,10000,29.94,31.869999999999997,38.190000000000005
4,10000,43.78,28.64,27.58
5,10000,43.2,36.07,20.73
6,10000,37.55,38.58,23.87
7,10000,36.09,36.94,26.97
8,10000,37.84,34.870000000000005,27.29
9,10000,40.12,33.69,26.19
10,10000,40.36,35.07,24.57
11,10000,39.31,35.5,25.19
12,10000,38.7,35.809999999999995,25.490000000000002
13,10000,37.980000000000004,36.28,25.740000000000002
14,10000,37.86,35.53,26.61
15,10000,38.96,34.47,26.57
16,10000,39.68,34.71,25.61
17,10000,38.39,36.05,25.56
18,10000,38.56,35.6,25.840000000000003
19,10000,38.29,35.63,26.08
20,10000,38.16,35.77,26.07
21,10000,39.07,34.79,26.14
22,10000,39.21,34.86,25.929999999999996
23,10000,38.14,36.58,25.28
24,10000,38.07,35.55,26.38
25,10000,38.51,34.64,26.85
26,10000,39.69,34.48,25.83
27,10000,38.46,36.620000000000005,24.92
28,10000,38.21,35.370000000000005,26.419999999999998
29,10000,38.75,35.3,25.95
30,10000,38.66,36.1,25.240000000000002
31,10000,38.190000000000005,35.79,26.02
32,10000,37.669999999999995,36.24,26.090000000000003
33,10000,38.71,34.97,26.32
34,10000,39.33,34.82,25.85
35,10000,39.07,35.480000000000004,25.45
36,10000,38.89,35.42,25.69
37,10000,39.03,35.3,25.669999999999998
38,10000,38.9,35.24,25.86
39,10000,39.019999999999996,35.39,25.590000000000003
40,10000,39.23,35.18,25.590000000000003
41,10000,38.84,35.77,25.39
42,10000,38.53,35.85,25.619999999999997
43,10000,38.62,35.75,25.629999999999995
44,10000,38.66,34.870000000000005,26.47
45,10000,39.5,35.06,25.44
46,10000,38.79,35.870000000000005,25.34
47,10000,38.76,35.55,25.69
48,10000,38.85,35.04,26.11
49,10000,39.77,35.14,25.09
50,10000,38.51,36.42,25.069999999999997
51,10000,38.2,35.55,26.25
52,10000,38.37,35.4,26.229999999999997
53,10000,38.39,35.47,26.14
54,10000,38.59,35.43,25.979999999999997
55,10000,38.93,35.14,25.929999999999996
56,10000,39.290000000000006,35.11,25.6
57,10000,38.49,36.15,25.36
58,10000,38.57,35.8,25.629999999999995
59,10000,37.9,35.94,26.16
60,10000,38.690000000000005,34.78,26.529999999999998
61,10000,39.47,34.72,25.81
62,10000,38.85,36.04,25.11
63,10000,38.72,35.29,25.990000000000002
64,10000,38.39,35.93,25.679999999999996
65,10000,38.36,35.64,26.0
66,10000,38.769999999999996,34.99,26.240000000000002
67,10000,38.99,35.17,25.840000000000003
68,10000,38.92,35.07,26.009999999999998
69,10000,39.22,34.99,25.790000000000003
70,10000,39.26,35.099999999999994,25.64
71,10000,38.91,35.57,25.52
72,10000,38.78,36.04,25.180000000000003
73,10000,38.47,36.120000000000005,25.41
74,10000,38.62,35.36,26.02
75,10000,39.7,34.4,25.900000000000002
76,10000,38.24,36.3,25.46
77,10000,38.24,35.99,25.77
78,10000,38.879999999999995,35.22,25.900000000000002
79,10000,38.879999999999995,35.38,25.740000000000002
80,10000,38.519999999999996,35.11,26.369999999999997
81,10000,38.440000000000005,35.94,25.619999999999997
82,10000,38.06,35.24,26.700000000000003
83,10000,39.7,34.52,25.779999999999998
84,10000,39.09,35.699999999999996,25.21
85,10000,37.85,36.66,25.490000000000002
86,10000,38.769999999999996,34.69,26.540000000000003
87,10000,39.96,34.48,25.56
88,10000,39.51,35.339999999999996,25.15
89,10000,39.019999999999996,35.82,25.16
90,10000,38.15,35.86,25.990000000000002
91,10000,38.800000000000004,35.46,25.740000000000002
92,10000,38.06,35.69,26.25
93,10000,38.519999999999996,35.57,25.91
94,10000,38.61,35.61,25.779999999999998
95,10000,38.7,35.370000000000005,25.929999999999996
96,10000,38.769999999999996,35.480000000000004,25.75
97,10000,38.879999999999995,34.99,26.13
98,10000,39.04,35.0,25.96
99,10000,39.31,35.120000000000005,25.569999999999997
100,10000,38.15,36.15,25.7
101,10000,38.23,34.89,26.88
102,10000,39.550000000000004,34.11,26.340000000000003
103,10000,40.18,34.910000000000004,24.91
104,10000,38.47,36.7,24.83
105,10000,37.940000000000005,35.74,26.32
106,10000,38.85,34.96,26.19
107,10000,39.17,35.18,25.650000000000002
108,10000,38.42,35.589999999999996,25.990000000000002
109,10000,38.87,35.4,25.729999999999997
110,10000,38.940000000000005,35.08,25.979999999999997
111,10000,38.68,35.93,25.39
112,10000,38.65,35.43,25.919999999999998
113,10000,38.879999999999995,35.33,25.790000000000003
114,10000,39.0,35.38,25.619999999999997
115,10000,38.75,36.03,25.22
116,10000,38.269999999999996,35.85,25.88
117,10000,38.48,35.21,26.31
118,10000,39.25,34.46,26.290000000000003
119,10000,39.54,35.03,25.430000000000003
120,10000,39.12,35.49,25.39
121,10000,38.75,35.480000000000004,25.77
122,10000,38.89,35.21,25.900000000000002
123,10000,38.41,35.76,25.83
124,10000,38.690000000000005,35.42,25.89
125,10000,39.48,34.23,26.290000000000003
126,10000,39.14,35.94,24.92
127,10000,38.95,35.61,25.44
128,10000,38.519999999999996,35.96,25.52
129,10000,38.09,35.96,25.95
130,10000,38.56,34.849999999999994,26.590000000000003
131,10000,39.34,34.96,25.7
132,10000,38.4,35.91,25.69
133,10000,38.64,35.24,26.119999999999997
134,10000,39.69,34.58,25.729999999999997
135,10000,38.56,36.230000000000004,25.21
136,10000,38.15,35.620000000000005,26.229999999999997
137,10000,39.019999999999996,35.010000000000005,25.97
138,10000,38.269999999999996,36.17,25.56
139,10000,38.35,35.76,25.89
140,10000,39.09,34.74,26.169999999999998
141,10000,39.46,34.89,25.650000000000002
142,10000,38.91,35.4,25.69
143,10000,38.01,36.230000000000004,25.759999999999998
144,10000,38.47,35.64,25.89
145,10000,38.45,35.21,26.340000000000003
146,10000,38.99,35.099999999999994,25.91
147,10000,39.86,34.589999999999996,25.55
148,10000,39.24,35.78,24.98
149,10000,38.96,35.91,25.130000000000003
150,10000,38.7,35.589999999999996,25.71
151,10000,37.89,36.5,25.61
152,10000,38.29,35.39,26.32
153,10000,39.489999999999995,34.44,26.07
154,10000,39.77,35.33,24.9
155,10000,38.86,35.94,25.2
156,10000,37.89,36.32,25.790000000000003
157,10000,38.64,34.839999999999996,26.52
158,10000,38.97,35.39,25.64
159,10000,38.59,35.78,25.629999999999995
160,10000,39.07,34.9,26.029999999999998
161,10000,39.01,35.22,25.77
162,10000,39.37,35.15,25.480000000000004
163,10000,38.67,35.78,25.55
164,10000,38.51,35.6,25.89
165,10000,39.15,34.44,26.41
166,10000,39.15,35.010000000000005,25.840000000000003
167,10000,39.37,35.23,25.4
168,10000,38.1,36.36,25.540000000000003
169,10000,38.25,35.47,26.279999999999998
170,10000,38.76,35.120000000000005,26.119999999999997
171,10000,39.72,34.98,25.3
172,10000,39.0,35.870000000000005,25.130000000000003
173,10000,38.79,35.260000000000005,25.95
174,10000,38.4,35.93,25.669999999999998
175,10000,38.42,36.059999999999995,25.52
176,10000,37.66,36.29,26.05
177,10000,38.29,35.52,26.19
178,10000,38.24,35.589999999999996,26.169999999999998
179,10000,39.32,34.760000000000005,25.919999999999998
180,10000,39.51,34.82,25.669999999999998
181,10000,39.160000000000004,35.79,25.05
182,10000,38.53,35.6,25.869999999999997
183,10000,38.129999999999995,36.07,25.8
184,10000,38.18,35.39,26.43
185,10000,38.43,35.69,25.88
186,10000,39.07,34.77,26.16
187,10000,39.54,35.099999999999994,25.36
188,10000,38.67,36.13,25.2
189,10000,38.59,35.65,25.759999999999998
190,10000,38.66,35.620000000000005,25.72
191,10000,38.35,35.28,26.369999999999997
192,10000,38.6,35.49,25.91
193,10000,38.76,35.38,25.86
194,10000,38.019999999999996,36.32,25.66
195,10000,38.64,34.38,26.979999999999997
196,10000,39.81,34.44,25.75
197,10000,39.54,35.39,25.069999999999997
198,10000,38.76,35.65,25.590000000000003
199,10000,38.16,35.88,25.96
200,10000,38.57,35.06,26.369999999999997
201,10000,39.61,34.589999999999996,25.8
202,10000,39.050000000000004,35.55,25.4
203,10000,38.51,35.67,25.82
204,10000,38.879999999999995,35.29,25.83
205,10000,38.58,35.47,25.95
206,10000,38.97,35.22,25.81
207,10000,39.22,35.0,25.779999999999998
208,10000,39.2,35.63,25.169999999999998
209,10000,38.76,35.730000000000004,25.509999999999998
210,10000,38.379999999999995,35.730000000000004,25.89
211,10000,39.18,34.489999999999995,26.33
212,10000,39.519999999999996,35.120000000000005,25.36
213,10000,38.96,35.55,25.490000000000002
214,10000,38.23,35.72,26.05
215,10000,38.92,35.3,25.779999999999998
216,10000,39.31,35.0,25.69
217,10000,39.17,34.79,26.040000000000003
218,10000,39.489999999999995,34.98,25.53
219,10000,38.83,35.75,25.419999999999998
220,10000,38.74,35.42,25.840000000000003
221,10000,39.32,34.73,25.95
222,10000,39.09,35.79,25.119999999999997
223,10000,38.35,35.85,25.8
224,10000,39.12,35.17,25.71
225,10000,38.46,35.76,25.779999999999998
226,10000,38.01,35.91,26.08
227,10000,38.58,35.29,26.13
228,10000,39.76,34.48,25.759999999999998
229,10000,39.21,35.870000000000005,24.92
230,10000,38.42,35.709999999999994,25.869999999999997
231,10000,38.61,35.58,25.81
232,10000,39.18,34.94,25.88
233,10000,39.22,35.72,25.06
234,10000,39.23,35.05,25.72
235,10000,38.48,35.89,25.629999999999995
236,10000,37.91,36.6,25.490000000000002
237,10000,37.81,35.6,26.590000000000003
238,10000,39.36,33.989999999999995,26.650000000000002
239,10000,39.33,35.32,25.35
240,10000,39.21,34.98,25.81
241,10000,38.79,35.370000000000005,25.840000000000003
242,10000,39.42,34.47,26.11
243,10000,39.1,35.949999999999996,24.95
244,10000,38.35,35.23,26.419999999999998
245,10000,38.85,34.99,26.16
246,10000,39.24,35.22,25.540000000000003
247,10000,38.45,36.0,25.55
248,10000,39.64,33.73,26.63
249,10000,39.879999999999995,35.370000000000005,24.75
250,10000,38.42,35.85,25.729999999999997
251,10000,38.99,35.11,25.900000000000002
252,10000,38.35,36.27,25.380000000000003
253,10000,38.24,35.8,25.96
254,10000,38.440000000000005,35.38,26.179999999999996
255,10000,38.85,35.13,26.02
256,10000,39.43,34.63,25.94
257,10000,38.86,35.620000000000005,25.52
258,10000,39.01,35.3,25.69
259,10000,39.160000000000004,35.24,25.6
260,10000,38.58,35.870000000000005,25.55
261,10000,38.95,35.23,25.82
262,10000,38.1,36.370000000000005,25.53
263,10000,38.440000000000005,35.39,26.169999999999998
264,10000,38.46,35.730000000000004,25.81
265,10000,38.36,35.709999999999994,25.929999999999996
266,10000,38.31,36.120000000000005,25.569999999999997
267,10000,37.71,36.04,26.25
268,10000,38.800000000000004,34.489999999999995,26.71
269,10000,39.4,35.11,25.490000000000002
270,10000,39.03,35.839999999999996,25.130000000000003
271,10000,38.4,35.6,26.0
272,10000,38.58,36.059999999999995,25.36
273,10000,38.65,35.3,26.05
274,10000,38.47,36.09,25.44
275,10000,38.16,36.16,25.679999999999996
276,10000,38.03,35.709999999999994,26.26
277,10000,38.629999999999995,35.25,26.119999999999997
278,10000,38.73,35.65,25.619999999999997
279,10000,38.5,35.43,26.07
280,10000,38.82,35.07,26.11
281,10000,39.26,35.23,25.509999999999998
282,10000,38.92,35.44,25.64
283,10000,39.06,34.92,26.02
284,10000,39.489999999999995,35.04,25.47
285,10000,39.2,35.56,25.240000000000002
286,10000,39.1,35.29,25.61
287,10000,38.32,36.01,25.669999999999998
288,10000,38.01,35.9,26.090000000000003
289,10000,38.53,34.760000000000005,26.71
290,10000,39.290000000000006,35.02,25.69
291,10000,38.56,35.96,25.480000000000004
292,10000,37.79,36.4,25.81
293,10000,37.8,36.14,26.06
294,10000,38.54,34.99,26.47
295,10000,39.32,35.010000000000005,25.669999999999998
296,10000,38.79,35.83,25.380000000000003
297,10000,38.37,35.93,25.7
298,10000,38.56,35.21,26.229999999999997
299,10000,38.54,35.92,25.540000000000003
300,10000,38.800000000000004,35.52,25.679999999999996
301,10000,39.71,34.55,25.740000000000002
302,10000,39.660000000000004,35.47,24.87
303,10000,38.879999999999995,35.339999999999996,25.779999999999998
304,10000,38.86,35.17,25.97
305,10000,39.129999999999995,35.08,25.790000000000003
306,10000,39.07,34.82,26.11
307,10000,39.589999999999996,34.839999999999996,25.569999999999997
308,10000,38.56,36.559999999999995,24.88
309,10000,38.22,35.65,26.13
310,10000,38.71,35.23,26.06
311,10000,38.83,35.5,25.669999999999998
312,10000,38.72,35.49,25.790000000000003
313,10000,38.7,35.29,26.009999999999998
314,10000,38.54,35.52,25.94
315,10000,38.6,35.49,25.91
316,10000,38.83,35.79,25.380000000000003
317,10000,39.050000000000004,35.31,25.64
318,10000,38.18,36.42,25.4
319,10000,37.82,35.83,26.35
320,10000,39.26,33.82,26.919999999999998
321,10000,39.31,35.67,25.019999999999996
322,10000,39.01,36.27,24.72
323,10000,38.2,35.9,25.900000000000002
324,10000,38.629999999999995,35.17,26.200000000000003
325,10000,38.940000000000005,34.88,26.179999999999996
326,10000,38.29,35.89,25.82
327,10000,38.09,35.44,26.47
328,10000,38.690000000000005,34.949999999999996,26.36
329,10000,38.47,35.589999999999996,25.94
330,10000,39.03,35.04,25.929999999999996
331,10000,38.279999999999994,36.08,25.64
332,10000,38.879999999999995,34.99,26.13
333,10000,38.74,35.56,25.7
334,10000,38.36,35.97,25.669999999999998
335,10000,38.019999999999996,35.709999999999994,26.27
336,10000,38.86,34.760000000000005,26.38
337,10000,38.57,35.96,25.47
338,10000,38.79,34.92,26.290000000000003
339,10000,39.33,35.32,25.35
340,10000,38.2,36.39,25.41
341,10000,38.25,35.260000000000005,26.490000000000002
342,10000,38.95,35.19,25.86
343,10000,39.129999999999995,35.260000000000005,25.61
344,10000,38.57,35.699999999999996,25.729999999999997
345,10000,39.0,34.870000000000005,26.13
346,10000,38.82,35.64,25.540000000000003
347,10000,38.440000000000005,35.92,25.64
348,10000,39.07,34.62,26.31
349,10000,39.34,35.08,25.580000000000002
350,10000,38.42,35.949999999999996,25.629999999999995
351,10000,38.79,35.15,26.06
352,10000,37.96,36.3,25.740000000000002
353,10000,38.080000000000005,35.57,26.35
354,10000,38.62,35.31,26.07
355,10000,38.98,35.19,25.83
356,10000,39.78,34.73,25.490000000000002
357,10000,38.62,36.17,25.21
358,10000,38.26,35.97,25.77
359,10000,38.16,35.370000000000005,26.47
360,10000,39.18,34.410000000000004,26.41
361,10000,39.0,35.65,25.35
362,10000,38.76,35.38,25.86
363,10000,38.97,34.870000000000005,26.16
364,10000,39.09,35.46,25.45
365,10000,38.95,35.31,25.740000000000002
366,10000,38.33,36.02,25.650000000000002
367,10000,37.92,36.17,25.91
368,10000,38.54,34.67,26.790000000000003
369,10000,39.35,34.98,25.669999999999998
370,10000,38.66,36.33,25.009999999999998
371,10000,38.1,35.52,26.38
372,10000,39.2,34.71,26.090000000000003
373,10000,39.28,35.05,25.669999999999998
374,10000,38.019999999999996,36.720000000000006,25.259999999999998
375,10000,38.18,35.55,26.27
376,10000,38.129999999999995,35.9,25.97
377,10000,38.769999999999996,34.35,26.88
378,10000,40.300000000000004,34.35,25.35
379,10000,39.39,36.22,24.39
380,10000,38.1,36.35,25.55
381,10000,38.51,35.29,26.200000000000003
382,10000,37.97,35.96,26.07
383,10000,38.12,35.06,26.82
384,10000,39.08,34.449999999999996,26.47
385,10000,39.489999999999995,35.24,25.27
386,10000,38.46,35.91,25.629999999999995
387,10000,37.78,36.38,25.840000000000003
388,10000,38.57,34.83,26.6
389,10000,39.64,34.33,26.029999999999998
390,10000,39.300000000000004,35.77,24.93
391,10000,38.47,36.34,25.19
392,10000,37.91,35.86,26.229999999999997
393,10000,39.18,34.55,26.27
394,10000,38.93,35.76,25.31
395,10000,37.93,36.3,25.77
396,10000,38.41,35.21,26.38
397,10000,38.71,35.4,25.89
398,10000,39.01,35.05,25.94
399,10000,38.66,36.02,25.319999999999997
400,10000,37.79,36.28,25.929999999999996
401,10000,38.78,34.52,26.700000000000003
402,10000,39.879999999999995,34.62,25.5
403,10000,38.26,36.58,25.16
404,10000,37.88,35.83,26.290000000000003
405,10000,38.99,34.8,26.21
406,10000,39.44,34.870000000000005,25.69
407,10000,39.379999999999995,35.31,25.31
408,10000,39.129999999999995,35.31,25.56
409,10000,38.65,35.55,25.8
410,10000,38.57,35.57,25.86
411,10000,39.019999999999996,35.17,25.81
412,10000,38.92,35.35,25.729999999999997
413,10000,38.79,35.199999999999996,26.009999999999998
414,10000,39.12,35.04,25.840000000000003
415,10000,38.99,35.339999999999996,25.669999999999998
416,10000,38.64,35.9,25.46
417,10000,37.59,36.38,26.029999999999998
418,10000,37.8,35.8,26.400000000000002
419,10000,39.21,34.54,26.25
420,10000,39.25,35.69,25.06
421,10000,38.75,35.85,25.4
422,10000,38.47,35.78,25.75
423,10000,38.64,35.099999999999994,26.26
424,10000,38.690000000000005,35.25,26.06
425,10000,38.83,35.55,25.619999999999997
426,10000,38.7,35.44,25.86
427,10000,39.08,34.93,25.990000000000002
428,10000,38.98,35.82,25.2
429,10000,38.22,36.059999999999995,25.72
430,10000,38.550000000000004,35.25,26.200000000000003
431,10000,39.12,35.15,25.729999999999997
432,10000,38.84,35.49,25.669999999999998
433,10000,38.46,35.86,25.679999999999996
434,10000,38.98,35.099999999999994,25.919999999999998
435,10000,39.56,34.260000000000005,26.179999999999996
436,10000,39.46,35.3,25.240000000000002
437,10000,38.47,35.92,25.61
438,10000,38.5,35.46,26.040000000000003
439,10000,38.75,35.709999999999994,25.540000000000003
440,10000,38.14,36.199999999999996,25.66
441,10000,37.980000000000004,35.9,26.119999999999997
442,10000,38.93,34.760000000000005,26.31
443,10000,39.32,35.620000000000005,25.06
444,10000,39.23,35.53,25.240000000000002
445,10000,38.58,35.64,25.779999999999998
446,10000,38.58,35.9,25.52
447,10000,38.07,36.26,25.669999999999998
448,10000,38.800000000000004,35.120000000000005,26.08
449,10000,39.129999999999995,35.6,25.27
450,10000,38.06,36.34,25.6
451,10000,37.769999999999996,36.33,25.900000000000002
452,10000,38.29,35.120000000000005,26.590000000000003
453,10000,39.4,34.58,26.02
454,10000,39.15,35.43,25.419999999999998
455,10000,38.95,35.480000000000004,25.569999999999997
456,10000,38.47,36.14,25.39
457,10000,39.1,35.05,25.85
458,10000,39.08,35.13,25.790000000000003
459,10000,39.07,35.79,25.14
460,10000,38.800000000000004,35.53,25.669999999999998
461,10000,38.940000000000005,35.32,25.740000000000002
462,10000,38.67,35.75,25.580000000000002
463,10000,38.31,35.980000000000004,25.71
464,10000,38.550000000000004,35.160000000000004,26.290000000000003
465,10000,38.96,35.010000000000005,26.029999999999998
466,10000,39.34,35.31,25.35
467,10000,38.1,35.980000000000004,25.919999999999998
468,10000,38.269999999999996,35.65,26.08
469,10000,38.54,35.339999999999996,26.119999999999997
470,10000,39.43,34.53,26.040000000000003
471,10000,39.37,35.56,25.069999999999997
472,10000,38.379999999999995,36.21,25.41
473,10000,37.76,35.88,26.36
474,10000,39.12,34.55,26.33
475,10000,39.050000000000004,35.809999999999995,25.14
476,10000,37.980000000000004,36.22,25.8
477,10000,38.93,34.81,26.26
478,10000,39.1,35.25,25.650000000000002
479,10000,38.82,36.03,25.15
480,10000,38.03,36.14,25.83
481,10000,38.11,35.5,26.39
482,10000,39.1,35.07,25.83
483,10000,37.81,36.3,25.89
484,10000,38.129999999999995,35.43,26.44
485,10000,38.800000000000004,34.69,26.51
486,10000,38.68,36.24,25.080000000000002
487,10000,37.980000000000004,36.620000000000005,25.4
488,10000,38.35,35.11,26.540000000000003
489,10000,38.269999999999996,35.510000000000005,26.22
490,10000,38.519999999999996,35.36,26.119999999999997
491,10000,38.33,35.8,25.869999999999997
492,10000,38.43,35.92,25.650000000000002
493,10000,38.36,35.9,25.740000000000002
494,10000,38.81,34.760000000000005,26.43
495,10000,38.84,35.63,25.53
496,10000,38.76,35.61,25.629999999999995
497,10000,38.7,35.27,26.029999999999998
498,10000,39.71,34.74,25.55
499,10000,38.9,36.01,25.09
500,10000,38.93,35.13,25.94
501,10000,38.73,35.980000000000004,25.290000000000003
502,10000,38.190000000000005,36.17,25.64
503,10000,38.48,35.38,26.14
504,10000,38.7,35.66,25.64
505,10000,38.81,35.33,25.86
506,10000,38.84,35.449999999999996,25.71
507,10000,38.93,35.63,25.44
508,10000,37.93,36.09,25.979999999999997
509,10000,38.56,34.98,26.46
510,10000,39.04,35.18,25.779999999999998
511,10000,39.0,35.510000000000005,25.490000000000002
512,10000,38.35,35.43,26.22
513,10000,39.14,35.099999999999994,25.759999999999998
514,10000,38.05,36.65,25.3
515,10000,37.89,35.510000000000005,26.6
516,10000,39.129999999999995,34.910000000000004,25.96
517,10000,39.050000000000004,35.56,25.39
518,10000,38.65,35.18,26.169999999999998
519,10000,38.9,35.410000000000004,25.69
520,10000,38.9,35.72,25.380000000000003
521,10000,38.59,35.44,25.97
522,10000,38.519999999999996,35.47,26.009999999999998
523,10000,38.7,35.32,25.979999999999997
524,10000,38.86,35.160000000000004,25.979999999999997
525,10000,39.18,34.97,25.85
526,10000,39.290000000000006,35.13,25.580000000000002
527,10000,38.05,36.69,25.259999999999998
528,10000,38.16,36.11,25.729999999999997
529,10000,38.03,35.55,26.419999999999998
530,10000,38.68,35.25,26.07
531,10000,38.82,35.04,26.14
532,10000,39.28,35.260000000000005,25.46
533,10000,38.53,35.79,25.679999999999996
534,10000,38.79,35.160000000000004,26.05
535,10000,38.37,35.870000000000005,25.759999999999998
536,10000,38.3,35.97,25.729999999999997
537,10000,38.129999999999995,35.96,25.91
538,10000,38.190000000000005,35.13,26.68
539,10000,39.33,35.11,25.56
540,10000,38.23,35.96,25.81
541,10000,38.29,35.35,26.36
542,10000,38.9,35.57,25.53
543,10000,38.940000000000005,35.25,25.81
544,10000,38.93,35.11,25.96
545,10000,39.629999999999995,34.79,25.580000000000002
546,10000,38.82,35.53,25.650000000000002
547,10000,38.71,35.480000000000004,25.81
548,10000,38.41,35.8,25.790000000000003
549,10000,39.17,34.9,25.929999999999996
550,10000,38.879999999999995,35.93,25.19
551,10000,38.86,35.5,25.64
552,10000,38.129999999999995,36.02,25.85
553,10000,38.15,35.83,26.02
554,10000,38.76,35.64,25.6
555,10000,38.73,35.55,25.72
556,10000,38.82,35.05,26.13
557,10000,38.440000000000005,35.730000000000004,25.83
558,10000,38.68,35.31,26.009999999999998
559,10000,38.12,36.08,25.8
560,10000,38.379999999999995,35.24,26.38
561,10000,39.67,34.699999999999996,25.629999999999995
562,10000,38.68,36.199999999999996,25.119999999999997
563,10000,38.54,35.410000000000004,26.05
564,10000,38.45,36.0,25.55
565,10000,39.47,34.589999999999996,25.94
566,10000,39.69,35.44,24.87
567,10000,38.78,36.13,25.09
568,10000,38.769999999999996,35.56,25.669999999999998
569,10000,38.23,35.980000000000004,25.790000000000003
570,10000,38.11,35.3,26.590000000000003
571,10000,38.879999999999995,34.98,26.14
572,10000,39.1,34.760000000000005,26.14
573,10000,38.98,35.56,25.46
574,10000,38.72,35.699999999999996,25.580000000000002
575,10000,38.11,35.58,26.31
576,10000,38.51,35.39,26.1
577,10000,38.440000000000005,35.91,25.650000000000002
578,10000,38.65,35.370000000000005,25.979999999999997
579,10000,39.08,35.18,25.740000000000002
580,10000,38.86,35.6,25.540000000000003
581,10000,38.46,35.9,25.64
582,10000,38.49,35.0,26.51
583,10000,38.72,35.27,26.009999999999998
584,10000,38.71,35.22,26.07
585,10000,39.269999999999996,34.92,25.81
586,10000,38.7,36.1,25.2
587,10000,37.46,36.54,26.0
588,10000,38.15,35.339999999999996,26.51
589,10000,38.85,35.17,25.979999999999997
590,10000,39.24,34.92,25.840000000000003
591,10000,38.81,35.91,25.28
592,10000,37.86,36.05,26.090000000000003
593,10000,38.269999999999996,34.83,26.900000000000002
594,10000,40.08,34.11,25.81
595,10000,39.910000000000004,34.94,25.15
596,10000,39.79,35.52,24.69
597,10000,38.11,36.480000000000004,25.41
598,10000,38.800000000000004,34.78,26.419999999999998
599,10000,38.769999999999996,36.120000000000005,25.11
600,10000,38.01,35.44,26.55
601,10000,38.97,34.910000000000004,26.119999999999997
602,10000,39.14,35.05,25.81
603,10000,39.12,35.32,25.56
604,10000,38.279999999999994,36.16,25.56
605,10000,38.21,35.24,26.55
606,10000,38.93,34.86,26.21
607,10000,39.08,35.0,25.919999999999998
608,10000,39.5,35.709999999999994,24.79
609,10000,38.06,36.52,25.419999999999998
610,10000,37.84,36.08,26.08
611,10000,39.14,34.37,26.490000000000002
612,10000,39.09,36.01,24.9
613,10000,38.440000000000005,36.21,25.35
614,10000,38.89,34.96,26.150000000000002
615,10000,38.84,35.27,25.89
616,10000,39.410000000000004,35.17,25.419999999999998
617,10000,38.84,35.17,25.990000000000002
618,10000,39.1,35.07,25.83
619,10000,38.45,35.97,25.580000000000002
620,10000,37.4,36.61,25.990000000000002
621,10000,38.62,35.08,26.3
622,10000,38.79,35.19,26.02
623,10000,39.03,35.370000000000005,25.6
624,10000,38.17,35.9,25.929999999999996
625,10000,38.65,35.61,25.740000000000002
626,10000,38.15,36.02,25.83
627,10000,38.33,34.96,26.71
628,10000,38.99,35.08,25.929999999999996
629,10000,38.93,35.25,25.82
630,10000,38.57,35.709999999999994,25.72
631,10000,38.17,35.96,25.869999999999997
632,10000,37.86,35.91,26.229999999999997
633,10000,38.800000000000004,34.870000000000005,26.33
634,10000,39.36,35.23,25.41
635,10000,40.08,34.5,25.419999999999998
636,10000,38.62,36.559999999999995,24.82
637,10000,37.86,35.47,26.669999999999998
638,10000,38.71,35.17,26.119999999999997
639,10000,38.87,35.94,25.19
640,10000,38.83,35.55,25.619999999999997
641,10000,38.4,35.89,25.71
642,10000,38.879999999999995,35.4,25.72
643,10000,38.78,35.53,25.69
644,10000,37.84,36.620000000000005,25.540000000000003
645,10000,37.93,35.85,26.22
646,10000,38.379999999999995,35.82,25.8
647,10000,39.22,34.8,25.979999999999997
648,10000,39.35,35.3,25.35
649,10000,38.62,36.1,25.28
650,10000,38.31,35.69,26.0
651,10000,38.550000000000004,35.14,26.31
652,10000,38.58,35.07,26.35
653,10000,38.769999999999996,35.53,25.7
654,10000,38.550000000000004,35.339999999999996,26.11
655,10000,38.74,35.67,25.590000000000003
656,10000,38.37,35.86,25.77
657,10000,38.5,35.08,26.419999999999998
658,10000,39.78,34.21,26.009999999999998
659,10000,40.160000000000004,34.75,25.09
660,10000,38.78,36.6,24.62
661,10000,38.24,35.86,25.900000000000002
662,10000,38.32,35.72,25.96
663,10000,38.690000000000005,35.3,26.009999999999998
664,10000,38.79,35.14,26.07
665,10000,38.65,36.07,25.28
666,10000,38.71,34.410000000000004,26.88
667,10000,39.25,35.05,25.7
668,10000,39.269999999999996,35.15,25.580000000000002
669,10000,38.42,35.82,25.759999999999998
670,10000,38.57,35.76,25.669999999999998
671,10000,37.730000000000004,36.27,26.0
672,10000,38.190000000000005,35.32,26.490000000000002
673,10000,38.64,35.03,26.33
674,10000,39.08,35.010000000000005,25.91
675,10000,38.769999999999996,35.97,25.259999999999998
676,10000,38.24,35.75,26.009999999999998
677,10000,38.7,34.55,26.75
678,10000,39.68,34.089999999999996,26.229999999999997
679,10000,39.53,35.24,25.230000000000004
680,10000,38.45,36.05,25.5
681,10000,38.67,35.08,26.25
682,10000,39.989999999999995,34.300000000000004,25.71
683,10000,39.32,35.97,24.709999999999997
684,10000,38.800000000000004,35.949999999999996,25.25
685,10000,37.92,36.09,25.990000000000002
686,10000,38.84,35.02,26.14
687,10000,38.78,35.82,25.4
688,10000,38.05,36.15,25.8
689,10000,38.690000000000005,35.6,25.71
690,10000,38.26,36.480000000000004,25.259999999999998
691,10000,38.61,35.160000000000004,26.229999999999997
692,10000,39.290000000000006,34.78,25.929999999999996
693,10000,39.190000000000005,35.11,25.7
694,10000,38.78,35.730000000000004,25.490000000000002
695,10000,38.59,35.68,25.729999999999997
696,10000,38.269999999999996,35.78,25.95
697,10000,38.0,36.42,25.580000000000002
698,10000,38.16,35.08,26.76
699,10000,39.019999999999996,35.27,25.71
700,10000,38.33,36.4,25.27
701,10000,37.79,36.02,26.19
702,10000,38.39,34.75,26.86
703,10000,39.34,35.07,25.590000000000003
704,10000,38.81,35.949999999999996,25.240000000000002
705,10000,37.63,36.38,25.990000000000002
706,10000,39.08,34.43,26.490000000000002
707,10000,39.76,34.93,25.31
708,10000,38.9,35.339999999999996,25.759999999999998
709,10000,38.45,35.69,25.86
710,10000,39.410000000000004,34.68,25.91
711,10000,38.93,35.85,25.22
712,10000,37.99,36.29,25.72
713,10000,39.160000000000004,34.55,26.290000000000003
714,10000,38.96,35.42,25.619999999999997
715,10000,39.190000000000005,35.31,25.5
716,10000,38.65,35.72,25.629999999999995
717,10000,38.31,36.14,25.55
718,10000,38.56,35.66,25.779999999999998
719,10000,38.46,35.68,25.86
720,10000,38.41,35.83,25.759999999999998
721,10000,38.33,36.03,25.64
722,10000,38.34,35.46,26.200000000000003
723,10000,39.190000000000005,34.86,25.95
724,10000,38.67,35.64,25.69
725,10000,38.24,36.01,25.75
726,10000,38.71,35.06,26.229999999999997
727,10000,39.39,34.47,26.14
728,10000,39.89,34.89,25.22
729,10000,39.09,35.44,25.47
730,10000,38.4,36.65,24.95
731,10000,38.16,35.370000000000005,26.47
732,10000,39.32,34.72,25.96
733,10000,38.87,35.260000000000005,25.869999999999997
734,10000,37.9,36.230000000000004,25.869999999999997
735,10000,38.3,35.64,26.06
736,10000,38.440000000000005,35.6,25.96
737,10000,38.23,35.28,26.490000000000002
738,10000,39.26,34.8,25.94
739,10000,38.2,36.61,25.19
740,10000,37.55,36.65,25.8
741,10000,38.65,34.46,26.889999999999997
742,10000,39.33,35.07,25.6
743,10000,38.53,35.79,25.679999999999996
744,10000,38.519999999999996,35.56,25.919999999999998
745,10000,38.97,34.699999999999996,26.33
746,10000,40.050000000000004,34.62,25.330000000000002
747,10000,39.39,35.4,25.21
748,10000,39.39,34.75,25.86
749,10000,39.22,35.5,25.28
750,10000,38.41,36.43,25.16
751,10000,38.61,35.010000000000005,26.38
752,10000,39.76,34.760000000000005,25.480000000000004
753,10000,38.879999999999995,36.199999999999996,24.92
754,10000,38.0,35.96,26.040000000000003
755,10000,38.54,35.42,26.040000000000003
756,10000,38.32,35.809999999999995,25.869999999999997
757,10000,38.940000000000005,34.589999999999996,26.47
758,10000,39.95,34.62,25.430000000000003
759,10000,39.09,35.63,25.28
760,10000,38.5,36.19,25.31
761,10000,38.279999999999994,35.78,25.94
762,10000,38.91,34.99,26.1
763,10000,39.34,34.74,25.919999999999998
764,10000,39.51,35.53,24.959999999999997
765,10000,38.32,36.05,25.629999999999995
766,10000,38.41,35.52,26.07
767,10000,38.9,35.480000000000004,25.619999999999997
768,10000,38.31,35.91,25.779999999999998
769,10000,38.080000000000005,35.79,26.13
770,10000,38.190000000000005,35.730000000000004,26.08
771,10000,38.85,34.849999999999994,26.3
772,10000,39.269999999999996,34.92,25.81
773,10000,38.65,36.13,25.22
774,10000,37.26,36.46,26.279999999999998
775,10000,38.31,34.870000000000005,26.82
776,10000,38.97,35.099999999999994,25.929999999999996
777,10000,39.290000000000006,34.9,25.81
778,10000,38.42,36.18,25.4
779,10000,37.830000000000005,35.980000000000004,26.19
780,10000,38.73,35.02,26.25
781,10000,38.98,35.19,25.83
782,10000,38.91,35.69,25.4
783,10000,37.56,36.61,25.83
784,10000,38.56,34.68,26.76
785,10000,38.66,35.72,25.619999999999997
786,10000,38.54,35.36,26.1
787,10000,38.54,35.52,25.94
788,10000,38.800000000000004,35.480000000000004,25.72
789,10000,39.23,34.69,26.08
790,10000,39.77,34.589999999999996,25.64
791,10000,38.9,36.199999999999996,24.9
792,10000,38.56,35.38,26.06
793,10000,39.019999999999996,34.9,26.08
794,10000,38.01,36.61,25.380000000000003
795,10000,38.21,35.4,26.39
796,10000,39.15,35.21,25.64
797,10000,39.14,35.85,25.009999999999998
798,10000,37.76,36.1,26.14
799,10000,38.019999999999996,35.260000000000005,26.72
800,10000,38.92,34.88,26.200000000000003
801,10000,39.379999999999995,34.99,25.629999999999995
802,10000,39.35,35.3,25.35
803,10000,38.26,36.43,25.31
804,10000,38.22,35.32,26.46
805,10000,38.54,35.57,25.89
806,10000,38.84,34.79,26.369999999999997
807,10000,38.09,36.02,25.89
808,10000,38.46,34.699999999999996,26.840000000000003
809,10000,39.839999999999996,34.39,25.77
810,10000,39.22,35.58,25.2
811,10000,38.26,36.3,25.44
812,10000,38.71,35.05,26.240000000000002
813,10000,38.800000000000004,35.72,25.480000000000004
814,10000,38.7,35.66,25.64
815,10000,38.07,36.1,25.83
816,10000,38.35,35.33,26.32
817,10000,39.489999999999995,34.62,25.89
818,10000,39.54,34.910000000000004,25.55
819,10000,38.54,36.64,24.82
820,10000,38.03,35.96,26.009999999999998
821,10000,37.6,36.02,26.38
822,10000,38.92,34.74,26.340000000000003
823,10000,39.78,34.5,25.72
824,10000,38.62,36.42,24.959999999999997
825,10000,37.74,35.730000000000004,26.529999999999998
826,10000,38.65,34.9,26.450000000000003
827,10000,39.22,35.07,25.71
828,10000,38.95,35.66,25.39
829,10000,38.1,36.05,25.85
830,10000,38.440000000000005,35.099999999999994,26.46
831,10000,38.5,35.68,25.82
832,10000,38.690000000000005,35.120000000000005,26.19
833,10000,39.2,34.88,25.919999999999998
834,10000,38.86,36.3,24.84
835,10000,37.580000000000005,36.49,25.929999999999996
836,10000,39.2,34.27,26.529999999999998
837,10000,39.03,35.809999999999995,25.16
838,10000,37.59,36.58,25.83
839,10000,38.12,35.510000000000005,26.369999999999997
840,10000,38.72,35.33,25.95
841,10000,38.34,35.93,25.729999999999997
842,10000,38.53,35.42,26.05
843,10000,38.6,35.66,25.740000000000002
844,10000,38.72,35.36,25.919999999999998
845,10000,39.5,34.63,25.869999999999997
846,10000,39.37,35.339999999999996,25.290000000000003
847,10000,38.6,35.52,25.88
848,10000,38.59,35.77,25.64
849,10000,39.019999999999996,34.69,26.290000000000003
850,10000,38.57,35.93,25.5
851,10000,38.31,35.28,26.41
852,10000,39.08,34.29,26.63
853,10000,39.69,34.660000000000004,25.650000000000002
854,10000,38.879999999999995,36.27,24.85
855,10000,38.04,36.25,25.71
856,10000,38.48,35.160000000000004,26.36
857,10000,39.56,34.88,25.56
858,10000,38.31,36.49,25.2
859,10000,38.379999999999995,36.0,25.619999999999997
860,10000,38.5,35.77,25.729999999999997
861,10000,38.42,35.97,25.61
862,10000,38.39,35.339999999999996,26.27
863,10000,38.800000000000004,35.17,26.029999999999998
864,10000,39.03,35.19,25.779999999999998
865,10000,38.629999999999995,35.69,25.679999999999996
866,10000,38.58,35.620000000000005,25.8
867,10000,38.43,35.78,25.790000000000003
868,10000,38.58,35.410000000000004,26.009999999999998
869,10000,38.940000000000005,34.9,26.16
870,10000,38.42,36.1,25.480000000000004
871,10000,38.11,36.04,25.85
872,10000,38.51,35.08,26.41
873,10000,39.77,34.17,26.06
874,10000,39.879999999999995,35.08,25.040000000000003
875,10000,38.31,36.870000000000005,24.82
876,10000,38.26,35.15,26.590000000000003
877,10000,39.019999999999996,34.97,26.009999999999998
878,10000,38.519999999999996,36.03,25.45
879,10000,38.87,35.120000000000005,26.009999999999998
880,10000,38.78,35.96,25.259999999999998
881,10000,37.68,36.32,26.0
882,10000,38.03,35.260000000000005,26.71
883,10000,39.34,34.56,26.1
884,10000,38.879999999999995,35.86,25.259999999999998
885,10000,38.83,35.260000000000005,25.91
886,10000,39.410000000000004,34.78,25.81
887,10000,39.44,34.81,25.75
888,10000,38.36,36.29,25.35
889,10000,38.34,35.05,26.61
890,10000,39.31,34.44,26.25
891,10000,39.97,34.83,25.2
892,10000,39.0,35.76,25.240000000000002
893,10000,38.58,35.72,25.7
894,10000,37.63,36.47,25.900000000000002
895,10000,38.72,34.510000000000005,26.77
896,10000,39.5,34.910000000000004,25.590000000000003
897,10000,39.519999999999996,35.11,25.369999999999997
898,10000,39.11,35.63,25.259999999999998
899,10000,38.690000000000005,35.77,25.540000000000003
900,10000,38.57,35.65,25.779999999999998
901,10000,38.629999999999995,35.44,25.929999999999996
902,10000,38.93,34.910000000000004,26.16
903,10000,39.62,34.599999999999994,25.779999999999998
904,10000,39.07,35.42,25.509999999999998
905,10000,38.37,35.94,25.69
906,10000,38.15,35.94,25.91
907,10000,38.39,35.35,26.26
908,10000,38.81,35.28,25.91
909,10000,38.3,36.18,25.52
910,10000,37.86,36.03,26.11
911,10000,37.980000000000004,35.67,26.35
912,10000,39.01,34.489999999999995,26.5
913,10000,39.68,35.06,25.259999999999998
914,10000,38.47,36.26,25.27
915,10000,39.18,34.22,26.6
916,10000,40.01,34.75,25.240000000000002
917,10000,39.09,35.79,25.119999999999997
918,10000,38.43,35.65,25.919999999999998
919,10000,38.87,34.98,26.150000000000002
920,10000,39.17,35.06,25.77
921,10000,38.81,36.19,25.0
922,10000,38.46,35.28,26.26
923,10000,38.690000000000005,35.56,25.75
924,10000,38.79,35.07,26.14
925,10000,39.01,35.06,25.929999999999996
926,10000,39.12,35.61,25.27
927,10000,38.6,35.730000000000004,25.669999999999998
928,10000,39.04,34.849999999999994,26.11
929,10000,38.22,36.34,25.44
930,10000,38.5,36.07,25.430000000000003
931,10000,38.61,35.91,25.480000000000004
932,10000,37.61,36.230000000000004,26.16
933,10000,38.269999999999996,35.32,26.41
934,10000,39.43,34.849999999999994,25.72
935,10000,38.81,35.93,25.259999999999998
936,10000,38.17,36.6,25.230000000000004
937,10000,37.72,36.17,26.11
938,10000,37.59,36.230000000000004,26.179999999999996
939,10000,38.49,35.21,26.3
940,10000,39.06,34.98,25.96
941,10000,38.74,35.370000000000005,25.89
942,10000,38.42,35.730000000000004,25.85
943,10000,38.39,35.42,26.19
944,10000,38.269999999999996,36.21,25.52
945,10000,38.58,35.089999999999996,26.33
946,10000,39.519999999999996,34.47,26.009999999999998
947,10000,39.39,35.510000000000005,25.1
948,10000,38.42,36.32,25.259999999999998
949,10000,38.4,35.64,25.96
950,10000,38.550000000000004,35.8,25.650000000000002
951,10000,38.16,36.24,25.6
952,10000,38.16,35.57,26.27
953,10000,38.56,35.44,26.0
954,10000,38.53,35.82,25.650000000000002
955,10000,39.0,34.54,26.46
956,10000,39.65,35.339999999999996,25.009999999999998
957,10000,38.690000000000005,36.07,25.240000000000002
958,10000,38.11,35.63,26.26
959,10000,39.43,34.29,26.279999999999998
960,10000,39.58,35.589999999999996,24.83
961,10000,38.79,35.839999999999996,25.369999999999997
962,10000,38.48,35.46,26.06
963,10000,38.72,35.66,25.619999999999997
964,10000,38.16,35.61,26.229999999999997
965,10000,38.26,35.730000000000004,26.009999999999998
966,10000,38.61,35.199999999999996,26.19
967,10000,38.96,35.3,25.740000000000002
968,10000,38.71,35.620000000000005,25.669999999999998
969,10000,37.93,36.34,25.729999999999997
970,10000,38.1,35.6,26.3
971,10000,38.78,34.949999999999996,26.27
972,10000,38.95,35.22,25.83
973,10000,38.48,35.52,26.0
974,10000,38.5,35.31,26.19
975,10000,39.21,35.15,25.64
976,10000,38.95,35.58,25.47
977,10000,38.3,35.709999999999994,25.990000000000002
978,10000,38.67,35.260000000000005,26.07
979,10000,38.03,35.86,26.11
980,10000,38.61,35.339999999999996,26.05
981,10000,39.01,34.75,26.240000000000002
982,10000,39.660000000000004,35.02,25.319999999999997
983,10000,39.04,35.8,25.16
984,10000,38.39,36.120000000000005,25.490000000000002
985,10000,38.59,35.6,25.81
986,10000,38.86,35.199999999999996,25.94
987,10000,39.410000000000004,35.099999999999994,25.490000000000002
988,10000,38.78,36.01,25.21
989,10000,37.93,36.4,25.669999999999998
990,10000,38.279999999999994,35.35,26.369999999999997
991,10000,38.62,34.75,26.63
992,10000,39.69,34.83,25.480000000000004
993,10000,38.84,36.1,25.06
994,10000,38.440000000000005,35.42,26.14
995,10000,39.07,35.08,25.85
996,10000,38.67,35.9,25.430000000000003
997,10000,38.78,35.24,25.979999999999997
998,10000,38.550000000000004,36.07,25.380000000000003
999,10000,38.190000000000005,35.64,26.169999999999998
